+1.8937293E+000 +1.9186410E+000 +1.9664394E+000 +2.0327098E+000 +2.1103242E+000 +2.1885821E+000 +2.2436037E+000 +2.2113867E+000 +2.1841835E+000 +2.4746343E+000 +1.4379189E+000 +7.4281582E-001 +8.0670868E-001 +1.1835993E+000 +1.0782009E+000 +7.5962459E-001 +3.4341898E-001 -2.9220039E-002 -3.7257609E-001 -6.9101152E-001 -9.7001250E-001 -1.2156112E+000 -1.4507747E+000 -1.6779253E+000 -1.8931649E+000 -2.0890754E+000 -2.2570799E+000 -2.3895492E+000 -2.4807725E+000 -2.5272030E+000 
+1.7816812E+000 +1.8157010E+000 +1.8833562E+000 +1.9816867E+000 +2.1074301E+000 +2.2930943E+000 +2.6359859E+000 +2.7470170E+000 +1.4328409E+000 +1.4748688E+000 +1.0953118E+000 +9.1029729E-001 +1.0673644E+000 +5.5916606E-001 +1.0463189E+000 +1.1987421E+000 +1.4746497E-001 -1.6092914E-001 -4.8466417E-001 -8.6837995E-001 -1.1202494E+000 -1.2625468E+000 -1.4868153E+000 -1.7314984E+000 -1.9801038E+000 -2.2145911E+000 -2.4169100E+000 -2.5750658E+000 -2.6822415E+000 -2.7360385E+000 
+1.5166184E+000 +1.5614755E+000 +1.6623021E+000 +1.8073652E+000 +1.8350239E+000 +1.6904282E+000 +8.8019154E-001 +1.2816525E+000 +1.9179219E+000 +1.2863785E+000 +1.3882447E+000 +1.0118725E+000 +1.4987907E+000 +1.6889635E+000 +1.1276662E+000 +1.7401594E-001 +1.0713298E+000 +4.5785931E-001 -1.5792202E-001 -1.6387675E+000 -1.7633195E+000 -9.4079275E-001 -1.4310352E+000 -1.7674294E+000 -2.1305429E+000 -2.4847944E+000 -2.7753767E+000 -2.9898812E+000 -3.1237977E+000 -3.1868423E+000 
+1.0497973E+000 +1.0555106E+000 +1.2422802E+000 +2.1611057E+000 +6.9517143E-001 +1.1228190E-001 +6.3536196E-003 +5.6202778E-001 +8.0095101E-001 +9.9060847E-001 +1.3228193E+000 +1.0259257E+000 +9.8543355E-001 +4.6709033E-001 +8.2405943E-001 +7.9104155E-001 +3.0334704E-001 -2.7158028E-001 +5.6209667E-002 +1.4045506E-001 -1.7118649E-001 -1.3683289E+000 -2.0672347E+000 -1.6831822E+000 -2.3208410E+000 -3.0413701E+000 -3.4760262E+000 -3.7671655E+000 -3.8841215E+000 -3.9212087E+000 
+5.5727850E-001 -2.6481004E-001 -2.4703859E+000 -7.7062125E-001 -1.1289245E+000 -1.6138440E+000 -1.0567482E+000 +1.7187801E-001 -5.3197499E-001 -4.5531242E-001 -7.6559544E-001 +3.1862775E-001 -1.1295863E-001 +3.0967799E-001 +5.7004894E-001 +3.4563273E-001 +7.7447223E-001 +8.1665366E-001 +3.0599982E-001 -1.0035850E+000 +5.5571015E-001 +1.9798465E-001 -1.2449425E+000 -1.1548182E+000 -2.1384046E+000 -4.8837469E+000 -4.8221865E+000 -5.3278921E+000 -5.0036799E+000 -4.8223860E+000 
+3.7623535E+000 +4.6375251E+000 +3.5200697E+000 +1.4026967E+000 +2.1017973E-001 -5.1709312E+000 -5.7566816E+000 -5.3482334E+000 -1.3767459E+000 -1.9098085E+000 -8.8088405E-001 -1.1767830E+000 -5.5517361E-001 +1.8680100E-001 +2.8186729E-002 +5.8172207E-001 +3.8690060E-001 +4.1203614E-001 +1.3775504E+000 +1.9215372E+000 +7.7511928E-001 +1.6362278E+000 +1.4663715E+000 +1.3168645E-001 -1.0078465E+000 -7.7189486E-001 -2.6413207E+000 -1.0621427E+001 -5.4804192E+000 -4.9081390E+000 
+4.6587049E+000 +3.1326327E+000 +3.2160683E+000 +2.5429993E+000 +2.0547786E+000 +1.4026364E+000 -3.4565614E+000 -6.9245446E+000 -1.0651106E+001 -8.8711941E+000 -4.3780056E+000 -1.8997355E+000 -6.7282568E-001 +2.3968769E-001 -4.7017707E-001 -3.0270399E-001 +3.4769080E-001 +1.0863439E+000 +8.0522061E-001 +1.0444058E+000 +2.0809295E+000 +1.0780984E+000 +1.3538122E+000 +2.5096284E+000 -1.4683932E+000 -4.9987249E-001 -1.1686011E+000 -5.9495656E+000 -6.3864061E+000 -2.4198876E+000 
-9.1766048E-001 +1.6833796E+000 +1.9679568E+000 +2.4285993E+000 +1.8863642E+000 +1.8993159E+000 +2.6132823E+000 +1.5137576E+000 -2.8255313E+000 -6.2729789E+000 -6.4139685E+000 -6.5517323E+000 -3.9519207E+000 -2.6603743E+000 -1.4783688E+000 -1.4291104E+000 -2.7899962E-001 +7.4729785E-001 +6.8609252E-001 +1.4685198E+000 +2.1644682E+000 +2.0270786E+000 +2.2392182E+000 +2.6571546E+000 +3.1689719E+000 +3.2525880E-001 +2.1723558E+000 -1.9859243E+000 -4.5350234E+000 -4.9171169E+000 
-3.5658688E-002 +9.0219778E-001 +1.0999872E+000 +8.6150869E-001 +9.8054201E-001 +1.1969551E+000 +1.0286089E+000 +7.7965360E-001 +1.7247638E+000 +1.1868947E+000 +8.1716401E-001 -2.8536375E-001 -2.9460446E+000 -4.7503238E+000 -3.5885970E+000 -2.6656621E+000 -1.0179010E+000 -6.1631210E-001 -1.0212008E-001 +6.1420089E-001 +1.8840353E+000 +2.5028283E+000 +2.2724818E+000 +2.3123915E+000 +3.0572971E+000 +3.3810448E+000 +3.8230085E-002 -1.0723433E+000 -4.7402124E+000 -4.9868869E+000 
-2.5887868E-001 -7.8837133E-002 +1.5139967E-001 -1.0983679E-001 +5.4143666E-001 +6.7153076E-001 +1.9639360E+000 +2.5409651E+000 +2.2958071E+000 +2.0050096E+000 +1.6322165E+000 +1.9444324E+000 +1.6837437E+000 -6.2915678E-001 -4.8561285E+000 -7.0480761E+000 -3.6947646E+000 -2.5052858E+000 -6.0433304E-001 +8.0437190E-001 +7.3158343E-001 +2.1787180E+000 +3.0100893E+000 +2.7121089E+000 +2.2920552E+000 +2.5648987E+000 -7.3014641E-001 -6.7210834E-001 -1.1958099E+000 -1.4496720E+000 
-1.1607475E+000 -1.2327871E+000 -1.9086456E+000 +8.9119287E-003 -5.8854255E-001 +7.3310417E-002 +4.7099634E-001 +3.8082300E-001 +1.7309600E+000 +2.3160317E+000 +2.7307997E+000 +2.1255104E+000 +7.3531191E-001 +2.7204230E+000 -8.3272904E-001 -5.0924187E+000 -4.8722532E+000 -4.4103814E+000 -1.6730980E+000 -4.9582973E-001 +1.8231829E-001 +1.2419745E+000 +2.4239440E+000 +2.1837629E+000 +1.1045286E+000 +2.4452975E+000 +1.9248747E+000 +1.4871800E+000 +1.1349069E+000 +9.4572098E-001 
-1.7385964E+000 -1.8110527E+000 -1.9701129E+000 -1.5950464E+000 -1.2967995E+000 -6.5312830E-001 -5.3135080E-001 -1.9148541E+000 -6.0922749E-001 +1.6036002E+000 +2.2793544E+000 +3.2455075E+000 +4.2051474E+000 +3.7095743E+000 +5.9282272E+000 -4.3861408E+000 -7.1162617E+000 -2.1320492E+000 -2.6820753E+000 -1.6979203E+000 -8.5873938E-001 +2.2944604E-001 +1.0388700E+000 +9.2914083E-001 +3.5190499E+000 +5.8723605E+000 +4.2078006E+000 +3.2622590E+000 +2.7320889E+000 +2.4901928E+000 
-1.9905508E+000 -1.9997914E+000 -2.0035891E+000 -1.9626166E+000 -1.9318682E+000 -1.1745406E+000 -1.6679372E+000 -1.0686354E+000 -1.1306452E+000 +1.8151308E-001 +2.1805250E+000 +3.3941919E+000 +4.6103241E+000 +4.5881069E+000 +6.7423757E+000 +4.0344523E+000 -2.0975042E+000 -4.0610988E+000 -2.6494670E+000 -2.8854863E+000 -2.1677306E+000 -1.3904271E+000 -2.2010696E-001 +1.0471759E-001 +1.9852532E+000 +3.0543084E+000 +3.2567225E+000 +3.1690787E+000 +3.0326701E+000 +2.9466634E+000 
-2.2009430E+000 -2.2130113E+000 -2.2384328E+000 -2.2842006E+000 -2.3764757E+000 -2.4898853E+000 -2.3566113E+000 -2.7742490E+000 -1.2634753E+000 +1.5833593E+000 +1.4986283E+000 +2.2687858E+000 +3.4220602E+000 +5.7835079E+000 +2.9857629E+000 +1.3271285E+000 +3.4371204E+000 +6.3015925E-001 -2.1380908E+000 -1.1077473E+000 -2.3636296E+000 -2.2755997E+000 -1.1241471E+000 +9.6454482E-001 +5.0963330E+000 +4.1342388E+000 +3.6102680E+000 +3.2952329E+000 +3.1065536E+000 +3.0162926E+000 
-2.3570542E+000 -2.3661711E+000 -2.3817626E+000 -2.3966038E+000 -2.3929337E+000 -2.3262386E+000 -2.8238086E+000 -1.7166680E+000 -1.3884247E+000 -8.9095463E-001 +1.1469630E+000 +2.1080586E+000 +3.6630996E+000 +4.1691395E+000 +2.8633728E+000 +1.2083112E+000 +8.3709292E-001 +9.3823284E-001 +2.4793328E-001 -1.3127233E+000 -1.2983751E-001 -6.4622381E-001 -5.8362929E-001 +1.4934712E+000 +3.4858399E+000 +3.2435759E+000 +3.0240618E+000 +2.8530634E+000 +2.7377703E+000 +2.6799457E+000 
-2.4721594E+000 -2.4902093E+000 -2.5284676E+000 -2.5922671E+000 -2.6928654E+000 -2.8541040E+000 -3.1288510E+000 -2.2537908E+000 -2.0130014E+000 -7.3771822E-001 +9.7129384E-001 +8.4959088E-001 +2.4611481E+000 +2.5551881E+000 +2.5885584E+000 +6.0870400E-001 +5.3388657E-001 +6.2520137E-001 +6.0883321E-001 -6.1911614E-001 -1.3369931E+000 +1.6085995E-001 +2.3154178E-001 +2.1592992E+000 +2.3332351E+000 +2.2505880E+000 +2.2196419E+000 +2.1603421E+000 +2.1105054E+000 +2.0835147E+000 
-2.5060802E+000 -2.5233535E+000 -2.5602932E+000 -2.6224164E+000 -2.7200489E+000 -2.8714310E+000 -3.1078764E+000 -3.4812159E+000 -2.0823226E+000 -7.7587763E-001 -5.7719425E-001 +5.0528230E-001 +6.5151242E-001 +1.1291638E+000 -1.1625085E+000 -6.4500314E-001 +3.3697921E-001 +3.1963206E-001 -8.6118421E-002 -2.0015875E-001 -5.7138203E-001 +7.7524041E-001 +1.7894860E+000 +1.4849988E+000 +1.2496534E+000 +1.8429489E+000 +1.5427507E+000 +1.4250583E+000 +1.3804828E+000 +1.3656853E+000 
-2.4623088E+000 -2.4680420E+000 -2.4788490E+000 -2.4928513E+000 -2.5054779E+000 -2.5061592E+000 -2.4711794E+000 -2.3484659E+000 -2.0256916E+000 -1.5624971E+000 -1.6278532E+000 -4.2819789E-001 +3.4360032E-001 -1.0540098E+000 -1.9104933E+000 -1.3239868E+000 -7.7528158E-001 -1.4955730E-002 -2.1618009E-001 +2.3610359E-001 -3.1649994E-002 +1.1163145E+000 +8.2330758E-002 +1.0587867E+000 -5.2492971E-002 -5.9193574E-001 +4.4983418E-002 +3.6090947E-001 +5.1652435E-001 +5.8129973E-001 
-2.3927504E+000 -2.3899097E+000 -2.3830327E+000 -2.3694740E+000 -2.3446341E+000 -2.3012848E+000 -2.2290906E+000 -2.1155509E+000 -1.9518538E+000 -1.7528188E+000 -1.5475247E+000 -1.2391621E+000 -2.8570718E+000 -1.4527965E+000 -2.3555289E+000 -1.4844324E+000 -1.8314247E+000 -1.8341185E+000 -9.1165992E-001 -1.0770196E-001 -3.4539983E-001 -7.7350220E-001 -2.3924029E-001 -1.7733234E+000 -7.3802650E-001 +6.6388679E-002 -9.0194797E-003 +1.7808988E-002 +6.1144277E-002 +8.8261138E-002 
-2.3359689E+000 -2.3299319E+000 -2.3172697E+000 -2.2968371E+000 -2.2670425E+000 -2.2261487E+000 -2.1729657E+000 -2.1082342E+000 -2.0369588E+000 -1.9712923E+000 -1.9307788E+000 -1.9423312E+000 -2.0715608E+000 -1.9995408E+000 -1.9838656E+000 -2.7458809E+000 -2.4453425E+000 -2.3608149E+000 -9.3274256E-001 -1.2270049E+000 -8.7044255E-001 -5.7055262E-001 -1.2569948E+000 -1.3533473E+000 -1.0181046E+000 -7.0968593E-001 -5.2286277E-001 -3.9953595E-001 -3.2128848E-001 -2.8281111E-001 
-2.3063405E+000 -2.2997532E+000 -2.2864563E+000 -2.2663086E+000 -2.2393734E+000 -2.2062865E+000 -2.1687837E+000 -2.1303511E+000 -2.0968358E+000 -2.0766329E+000 -2.0798505E+000 -2.1162114E+000 -2.1912311E+000 -2.2928571E+000 -2.4596964E+000 -2.7323275E+000 -3.0019452E+000 -3.3953128E+000 -2.8638688E+000 +5.6236832E-001 +9.1444122E-001 -6.8401407E-002 -8.8975612E-001 -1.4516647E+000 -1.1775332E+000 -9.3884772E-001 -7.5111189E-001 -6.1412284E-001 -5.2484304E-001 -4.8081966E-001 
