+1.2593723E+000 +1.2593992E+000 +1.2634022E+000 +1.2813934E+000 +1.3341794E+000 +1.4601020E+000 +1.7162739E+000 +2.1403921E+000 +2.4703754E+000 +2.0712591E+000 +1.8054833E+000 +6.0020745E-001 +1.1025673E+000 +1.1005017E+000 +1.2465529E+000 +1.0395795E+000 +7.2501479E-001 +3.8273173E-001 +4.4854873E-002 -2.8201352E-001 -6.4083876E-001 -9.7989681E-001 -1.2774030E+000 -1.5318104E+000 -1.7472469E+000 -1.9267495E+000 -2.0711246E+000 -2.1800151E+000 -2.2528813E+000 -2.2893816E+000 
+1.2593146E+000 +1.2508935E+000 +1.2334776E+000 +1.2069580E+000 +1.1777210E+000 +1.1814641E+000 +1.3569924E+000 +2.2065295E+000 +1.3105715E+000 +2.2587624E+000 +7.8363507E-001 +9.9239342E-001 +6.7475547E-001 +7.8364022E-001 +2.0017664E+000 +1.2697456E+000 +7.8431176E-001 +3.7330572E-001 +2.1304847E-002 -2.1364936E-001 -6.8312603E-001 -1.0687873E+000 -1.3696025E+000 -1.6151797E+000 -1.8241189E+000 -2.0018967E+000 -2.1470354E+000 -2.2570807E+000 -2.3306776E+000 -2.3674653E+000 
+1.2772720E+000 +1.2616300E+000 +1.2230279E+000 +1.1383363E+000 +9.5070912E-001 +5.3533226E-001 -4.4417270E-001 +2.3119879E+000 +1.9035010E+000 +8.9218240E-001 +1.5179148E+000 +8.5105686E-001 +1.4882940E+000 +7.4559617E-001 +8.3540841E-001 +8.5842695E-001 +4.5677250E-001 +2.3765204E-001 -2.5263903E-001 +3.5642053E-001 -9.0471670E-001 -1.3391859E+000 -1.5799709E+000 -1.7769275E+000 -1.9676533E+000 -2.1468677E+000 -2.2980203E+000 -2.4121192E+000 -2.4872182E+000 -2.5242479E+000 
+1.3286916E+000 +1.3214843E+000 +1.3111762E+000 +1.2899210E+000 +1.2109142E+000 +1.0960200E+000 +3.0111674E-001 +1.4430811E+000 +1.6345406E+000 +1.4530772E+000 +1.3154895E+000 +1.0056980E+000 +1.2170406E+000 +2.0020183E+000 +1.2773754E+000 +1.4605669E-001 +1.1075473E+000 +3.2930727E-001 +3.4336231E-001 +5.0326859E-001 -2.8947694E+000 -2.0239263E+000 -1.8840998E+000 -1.9520046E+000 -2.1358135E+000 -2.3518703E+000 -2.5282732E+000 -2.6505886E+000 -2.7251990E+000 -2.7602470E+000 
+1.3955297E+000 +1.3879718E+000 +1.4227431E+000 +1.5650519E+000 +1.5478918E+000 +5.2701662E-001 +3.2490393E-001 +4.8301857E-001 +1.1603921E+000 +1.2593163E+000 +1.1487755E+000 +1.1098763E+000 +1.4139988E+000 +1.0226499E+000 +7.9739711E-001 +7.5534711E-001 +3.5742832E-001 -2.5181378E-001 -9.2013745E-002 -5.9513303E-001 -4.2834299E-001 -1.1448284E+000 -1.7438362E+000 -1.8791325E+000 -2.2349867E+000 -2.6417034E+000 -2.8742334E+000 -2.9911115E+000 -3.0478143E+000 -3.0712232E+000 
+1.4785362E+000 +1.3639059E+000 +1.3042589E+000 +2.1813287E+000 -4.9655207E-001 -7.0005858E-001 -2.1304527E-001 +5.7442590E-001 +4.0656232E-001 -1.1543305E-001 +1.2656864E+000 +8.3536659E-001 +4.9663182E-002 +3.4444617E-001 +5.8801534E-001 +5.4422480E-001 +5.4951424E-001 +2.1648556E-001 -4.8175861E-002 +1.1631328E-001 +7.5585496E-002 -9.8686297E-001 -1.7012719E+000 -1.3344285E+000 -2.2253515E+000 -3.3041678E+000 -3.4676038E+000 -3.4603656E+000 -3.4416541E+000 -3.4322770E+000 
+1.8067672E+000 +1.2222161E+000 -8.1811070E-001 -3.9090854E-001 -1.0639968E+000 -1.6911355E+000 -2.2209261E+000 -1.5732262E+000 -7.7115101E-001 -8.7867133E-002 -1.0103338E+000 +6.3933235E-002 +9.1843963E-002 +2.2673120E-001 +6.0800348E-001 +4.4041388E-001 +7.4065965E-001 +8.1978877E-001 +5.3193580E-001 -1.2502036E+000 +7.6144348E-001 +5.3886027E-001 -1.0015406E+000 -8.2674624E-001 -2.2568785E+000 -5.9248732E+000 -4.4260915E+000 -3.9541638E+000 -3.8155255E+000 -3.7732706E+000 
+3.3855080E+000 +4.1948164E+000 +2.8802973E+000 +9.9542771E-002 -7.7185718E-001 -5.1085014E+000 -3.6680402E+000 -1.0561477E+000 -1.2069381E+000 -3.2815135E+000 -1.1429192E+000 -8.6569520E-001 -6.4392110E-001 +3.0935026E-001 +6.0050297E-003 +3.8990950E-001 +3.5042068E-001 +5.5053419E-001 +1.0945345E+000 +1.9321838E+000 +3.3896205E-001 +1.6694472E+000 +9.2156949E-001 -4.8205114E-001 -7.2178006E-001 -1.2150332E+000 -3.1878666E+000 -3.7349674E+000 -3.9832072E+000 -4.0238700E+000 
+3.1836978E+000 +3.8025450E+000 +3.7574646E+000 +2.1371234E+000 +1.4542801E+000 -1.8978611E+000 -8.5538216E+000 -1.2299166E+001 -5.3092892E+000 -1.8231784E+000 -1.8463541E+000 -1.7043915E+000 -3.7018129E-001 +1.1124223E-001 -4.0300293E-002 +5.4328020E-001 +4.0345641E-001 +5.1007690E-001 +1.3845907E+000 +1.4139017E+000 +1.7745220E+000 +1.0123478E+000 +1.7915564E+000 +1.7880866E+000 -1.6797572E+000 -2.4579208E-001 -1.8343571E+000 -8.8712351E+000 -4.5949511E+000 -4.3614577E+000 
+4.0556193E+000 +3.0419105E+000 +2.6416053E+000 +2.6725493E+000 +2.0518552E+000 +2.2687847E+000 +1.1137801E-001 -2.1111617E+000 -1.0823863E+001 -9.5896116E+000 -5.2463271E+000 -2.4066652E+000 -1.4824081E+000 -1.5543243E-001 -9.0825157E-001 -8.8672024E-001 +2.7597022E-001 +1.2515991E+000 +3.5971240E-001 +7.9230481E-001 +2.0313125E+000 +1.4277458E+000 +1.3570042E+000 +1.9812598E+000 -5.9074047E-001 -5.2223649E-001 -6.7018103E-001 -4.8810337E+000 -6.5777122E+000 -2.8655081E+000 
-1.5113174E+000 +2.7725455E+000 +3.0117083E-001 +1.2651906E+000 +2.4000388E+000 +1.6760632E+000 +2.0168469E+000 +3.8902695E-001 -3.5626846E+000 -7.4085980E+000 -6.9136952E+000 -6.4645314E+000 -2.6713375E+000 -2.3261106E+000 -1.3310662E+000 -9.9465909E-001 -2.6186939E-001 +7.5199189E-001 +1.1315911E+000 +1.5915526E+000 +2.1335796E+000 +2.0057138E+000 +2.3249767E+000 +2.6650725E+000 +3.0917114E+000 -3.0087532E-001 +2.1849817E+000 -2.1286951E+000 -4.3838990E+000 -4.5157923E+000 
-1.3973611E+000 +1.4326277E+000 +2.2927125E+000 +1.6956568E+000 +1.1744236E+000 +1.3028919E+000 +7.5809513E-001 +6.2614012E-001 +4.7201096E-001 -6.6220398E-001 -1.3594045E+000 -3.1888370E+000 -6.0132144E+000 -3.9502341E+000 -2.7462027E+000 -2.6473395E+000 -4.8968379E-001 -5.2277540E-001 -3.2239850E-001 +7.4479468E-001 +2.1147366E+000 +2.0085968E+000 +2.0742392E+000 +2.3143903E+000 +2.8432218E+000 +3.2389757E+000 +7.9772258E-001 -1.8702448E+000 -5.4241961E+000 -9.3408980E+000 
+1.6537002E+000 +1.0773805E-001 +5.9180071E-002 +4.8205092E-001 +9.5925572E-001 +1.3602597E+000 +1.8303839E+000 +1.5441376E+000 +1.7484694E+000 +1.0953992E+000 +8.5789666E-001 +1.0253588E+000 -6.7125259E-001 -3.7698857E+000 -4.2367645E+000 -2.7515354E+000 -1.7585723E+000 -8.3890388E-001 +2.2861419E-002 +7.6363444E-001 +1.6327239E+000 +2.6145721E+000 +2.8249158E+000 +2.4822980E+000 +3.0209849E+000 +2.9289406E+000 -4.1028710E-001 +2.1561497E+000 -9.0624351E-001 -2.6862876E+000 
+4.4457973E-001 +3.8170446E-001 +3.7809862E-001 +1.8485814E-001 +2.4922867E-001 +5.7822427E-001 +1.6702950E+000 +2.4676063E+000 +2.2112291E+000 +2.1663953E+000 +1.6170453E+000 +1.5339914E+000 +1.1405165E+000 -1.0773156E+000 -4.9401570E+000 -7.5176458E+000 -3.4528394E+000 -2.4702417E+000 -5.9337973E-001 +5.3030718E-001 +8.1830843E-001 +2.0608224E+000 +2.9143966E+000 +2.9429215E+000 +2.2507186E+000 +3.2941122E+000 +3.1060894E+000 +2.0102124E+000 +8.6842440E-001 +1.6033666E-001 
-6.3003382E-001 -6.3154573E-001 -1.1250940E+000 -2.8743423E-001 +3.3000505E-001 +3.0976261E-001 +1.0462036E+000 +1.0006150E+000 +2.4071532E+000 +2.0500288E+000 +2.6062764E+000 +2.1555914E+000 +1.1013635E+000 +2.3713358E+000 -2.4193693E+000 -5.6870250E+000 -4.9635820E+000 -3.8313907E+000 -1.4891422E+000 +2.9653695E-001 +2.9474350E-001 +1.6038751E+000 +2.8897315E+000 +1.8215670E+000 +1.5050665E+000 +2.8326855E-001 +1.7862754E+000 +1.9624908E+000 +1.7152925E+000 +1.4921736E+000 
-1.7014130E+000 -2.0122191E+000 -2.8536972E+000 +1.2437151E-002 -1.3244437E+000 -2.4501577E-001 +4.4904718E-001 -1.0565586E+000 +4.7821794E-001 +2.3833425E+000 +2.5213854E+000 +2.2654286E+000 +1.4703871E+000 +2.7400964E+000 +9.5600588E-001 -5.1177181E+000 -4.9883066E+000 -4.1321572E+000 -1.8317853E+000 -1.2082015E+000 -8.2881349E-002 +9.0153188E-001 +1.8293381E+000 +2.1058080E+000 +1.7092196E+000 +4.2281278E+000 +3.3048201E+000 +2.8205634E+000 +2.5106486E+000 +2.3466999E+000 
-2.1078955E+000 -2.2576446E+000 -2.5372917E+000 -2.7718057E+000 -7.3141490E-001 -6.3679525E-001 -5.9445372E-001 -1.7724085E+000 -4.9920096E-001 +1.6918564E+000 +2.1263034E+000 +3.3173730E+000 +4.3565018E+000 +3.7522641E+000 +6.8388316E+000 -4.6064760E+000 -6.7480081E+000 -2.0823952E+000 -2.7008150E+000 -1.6228374E+000 -9.8231622E-001 +2.0268614E-001 +1.0466888E+000 +7.3073264E-001 +3.8436985E+000 +5.0247937E+000 +3.8841183E+000 +3.3056724E+000 +2.9937445E+000 +2.8504964E+000 
-2.1940250E+000 -2.2251838E+000 -2.2494759E+000 -2.1742008E+000 -1.8674032E+000 -9.6847724E-001 -1.6715255E+000 -1.2145493E+000 -1.0373863E+000 -1.3232147E-001 +2.6897515E+000 +3.6007936E+000 +4.5685420E+000 +4.4116958E+000 +5.4150474E+000 +5.1444458E+000 -5.8154433E+000 -3.2722221E+000 -2.7788169E+000 -2.5722444E+000 -1.6395573E+000 -1.0333732E+000 +1.6820010E-001 +3.6698828E-001 +1.3004265E+000 +2.9313156E+000 +3.2606585E+000 +3.2206287E+000 +3.1159898E+000 +3.0478473E+000 
-2.2134976E+000 -2.2074126E+000 -2.1746607E+000 -2.0718838E+000 -1.8288198E+000 -1.7425414E+000 -1.7204381E+000 -1.7618448E+000 -1.1742200E+000 +1.2803626E+000 +1.4017526E+000 +2.7285292E+000 +4.2273269E+000 +5.0293936E+000 +6.2420306E+000 +2.0555126E-001 +2.2268117E+000 -3.5482846E+000 -2.3382911E+000 -2.5044100E+000 -2.6241768E+000 -1.7837700E+000 -7.1389933E-001 +2.4630867E-001 +3.9716078E+000 +3.6221899E+000 +3.4273850E+000 +3.2738010E+000 +3.1601593E+000 +3.0994234E+000 
-2.2459875E+000 -2.2466891E+000 -2.2496473E+000 -2.2696783E+000 -2.3713113E+000 -2.5714476E+000 -2.4963649E+000 -2.8158579E+000 -1.3111925E+000 +1.2386428E+000 +1.6534200E+000 +2.4841072E+000 +3.3237232E+000 +5.8006284E+000 +2.1716470E+000 +2.4531324E+000 +2.4207856E+000 +1.5466017E+000 -2.0114486E+000 -8.6804821E-001 -2.0704326E+000 -2.1643726E+000 -1.0840227E+000 +1.0001337E+000 +4.9423704E+000 +3.9823061E+000 +3.5059289E+000 +3.2415263E+000 +3.0911495E+000 +3.0210691E+000 
-2.2769767E+000 -2.2811381E+000 -2.2881107E+000 -2.2929044E+000 -2.2746165E+000 -2.1449982E+000 -2.7692954E+000 -1.7205093E+000 -1.3096084E+000 -6.2640982E-001 +1.4111070E+000 +1.6781841E+000 +3.5983434E+000 +4.4496500E+000 +2.9282505E+000 +1.0171076E+000 +1.1910349E+000 +6.1548526E-001 +8.1839522E-002 -1.4062720E+000 -4.7861101E-001 -1.1006421E+000 -6.0159659E-001 +1.7558057E+000 +3.3220695E+000 +3.3076871E+000 +3.1310032E+000 +2.9653200E+000 +2.8503643E+000 +2.7927944E+000 
-2.2990634E+000 -2.3095731E+000 -2.3312356E+000 -2.3655081E+000 -2.4160867E+000 -2.4985815E+000 -2.6927223E+000 -2.0759329E+000 -1.7149421E+000 -5.9103236E-001 +8.2764276E-001 +2.2118522E+000 +3.3248561E+000 +3.5121966E+000 +2.9674286E+000 +6.7560459E-001 +9.3086118E-001 +1.0926504E+000 +2.0945846E-001 -9.6396983E-001 -4.8136689E-001 -2.5635057E-002 -3.9474150E-001 +1.1956609E+000 +3.4016320E+000 +2.9802743E+000 +2.7325439E+000 +2.5805941E+000 +2.4868159E+000 +2.4413624E+000 
-2.2986671E+000 -2.3141494E+000 -2.3473841E+000 -2.4032287E+000 -2.4892797E+000 -2.6133246E+000 -2.7658613E+000 -2.3183408E+000 -1.9233596E+000 -1.4888044E+000 +8.9087360E-001 -2.2389287E-001 +2.1757965E+000 +2.1192618E+000 +2.1050433E+000 +3.7166895E-001 +1.6809049E-001 +4.0961019E-001 +7.1858951E-001 -4.2583234E-001 -1.4256843E+000 +2.8913117E-001 +3.4280801E-001 +2.3037907E+000 +1.9703714E+000 +2.1113696E+000 +2.1291842E+000 +2.0714240E+000 +2.0198880E+000 +1.9926932E+000 
-2.2651502E+000 -2.2807486E+000 -2.3151641E+000 -2.3763300E+000 -2.4811937E+000 -2.6671161E+000 -3.0237082E+000 -3.7887174E+000 -2.0628558E+000 -6.2718528E-001 -5.5568634E-001 +1.1715337E+000 +6.4482503E-001 +1.4567831E+000 -5.9480008E-001 -3.6360217E-001 +5.6006811E-001 +2.2523833E-001 +2.7202220E-002 -7.4928660E-001 -7.8761798E-001 +4.0911991E-001 +1.8206544E+000 +1.4666327E+000 +1.5287618E+000 +2.0841012E+000 +1.6874992E+000 +1.5489383E+000 +1.5008881E+000 +1.4858472E+000 
-2.1982641E+000 -2.2070929E+000 -2.2257182E+000 -2.2559497E+000 -2.2997017E+000 -2.3558000E+000 -2.4078426E+000 -2.3804089E+000 -1.9834899E+000 -1.1822877E+000 -1.1597297E+000 -6.8418177E-001 +8.4098696E-001 -2.2282714E-001 -2.0658323E+000 -1.2813902E+000 -3.5538373E-001 +3.8718985E-001 -2.6372704E-001 +8.8454112E-001 +2.1419650E-001 +1.3556845E+000 +8.8729736E-001 +1.3661564E+000 +3.7060462E-001 +4.5806877E-001 +6.9379606E-001 +8.3282648E-001 +9.1127247E-001 +9.4682461E-001 
-2.1124908E+000 -2.1124798E+000 -2.1114438E+000 -2.1066456E+000 -2.0917976E+000 -2.0531600E+000 -1.9619978E+000 -1.7625276E+000 -1.3640321E+000 -6.9838662E-001 +3.6087200E-001 +8.2043222E-001 -6.1969665E-001 -1.1577161E+000 -1.7530554E+000 -1.2278488E+000 -9.8896304E-001 -4.1867962E-001 -2.8638424E-001 -1.9000121E-002 -5.7545995E-001 +6.0766223E-001 -1.8939048E-001 +4.3282629E-001 +6.3136903E-002 -8.0340983E-001 -9.3046861E-002 +2.4632076E-001 +4.1341813E-001 +4.8385751E-001 
-2.0267412E+000 -2.0200593E+000 -2.0052176E+000 -1.9788408E+000 -1.9347856E+000 -1.8628843E+000 -1.7478523E+000 -1.5704142E+000 -1.3160789E+000 -1.0008385E+000 -7.0686137E-001 -6.9605825E-001 -1.1588309E+000 -1.3883117E+000 -2.5711162E+000 -1.5109228E+000 -1.7178016E+000 -1.9095753E+000 -7.1709598E-001 -9.4340402E-001 +5.9726298E-002 -1.3158332E+000 -9.2933877E-002 -1.5650639E+000 -1.0847691E+000 -1.2207926E-001 -8.6232379E-002 +2.8346770E-002 +1.2234086E-001 +1.7157890E-001 
-1.9552860E+000 -1.9450946E+000 -1.9236683E+000 -1.8888545E+000 -1.8373440E+000 -1.7648763E+000 -1.6672103E+000 -1.5428039E+000 -1.3984179E+000 -1.2578028E+000 -1.1688104E+000 -1.1994446E+000 -1.3694965E+000 -1.5788963E+000 -1.8544259E+000 -2.2124301E+000 -2.3664686E+000 -1.9320477E+000 -7.7159029E-001 -8.8372030E-001 -9.8050933E-001 -1.1579308E+000 +2.5433759E-001 -5.1109777E-001 -5.8135666E-001 -3.7817789E-001 -2.4784709E-001 -1.4559031E-001 -7.2991384E-002 -3.5366461E-002 
-1.9056328E+000 -1.8941644E+000 -1.8707586E+000 -1.8345866E+000 -1.7847357E+000 -1.7207741E+000 -1.6437733E+000 -1.5579353E+000 -1.4726901E+000 -1.4043323E+000 -1.3748464E+000 -1.4045799E+000 -1.4959863E+000 -1.6280116E+000 -1.7905308E+000 -1.9745377E+000 -2.1765683E+000 -2.9248267E+000 -1.6219535E+000 -1.4115016E+000 -3.5723693E-001 -5.2582238E-001 -2.4911441E+000 -9.4429832E-001 -6.6289987E-001 -4.7843541E-001 -3.4940404E-001 -2.5608140E-001 -1.9350495E-001 -1.6182214E-001 
-1.8805135E+000 -1.8687714E+000 -1.8451595E+000 -1.8095812E+000 -1.7623141E+000 -1.7045660E+000 -1.6392414E+000 -1.5717985E+000 -1.5108358E+000 -1.4677044E+000 -1.4541963E+000 -1.4777803E+000 -1.5355819E+000 -1.6118923E+000 -1.6806679E+000 -1.6980880E+000 -1.5862816E+000 -1.1985455E+000 +3.4493169E-001 +1.3700210E+000 +1.0990471E+000 -2.2261462E-001 +7.6906641E-002 -5.5522767E-001 -5.3707558E-001 -4.6010689E-001 -3.7457052E-001 -3.0079823E-001 -2.4792884E-001 -2.2049990E-001 
