+5.4075865E+000 +4.8670153E+000 +4.4900657E+000 +4.1855539E+000 +3.9051286E+000 +3.6095902E+000 +3.2418170E+000 +2.6398918E+000 +8.5218329E-001 +3.3706089E-001 +4.6280003E-001 +9.0195802E-001 +1.3951587E+000 +1.9391156E+000 +2.8720811E+000 +3.1800596E+000 +3.3225481E+000 +3.4407013E+000 +3.5817743E+000 +3.7241866E+000 +3.8543397E+000 +3.9786461E+000 +4.1044412E+000 +4.2366507E+000 +4.3804748E+000 +4.5430203E+000 +4.7352156E+000 +4.9758057E+000 +5.3014600E+000 +5.7944526E+000 
+4.6829339E+000 +4.1910663E+000 +3.8546218E+000 +3.5570096E+000 +3.2435963E+000 +2.8349479E+000 +1.9941978E+000 +5.1659306E-001 +2.7208290E-001 +2.3099593E-001 +3.2998426E-001 +5.3606171E-001 +3.2023053E-001 +3.0390518E-001 +3.2892539E-001 +4.8159898E-001 +8.4183468E-001 +1.5710748E+000 +2.4745053E+000 +2.9175701E+000 +3.1205269E+000 +3.2958111E+000 +3.4699024E+000 +3.6369190E+000 +3.8029096E+000 +3.9754819E+000 +4.1634980E+000 +4.3804671E+000 +4.6574766E+000 +5.0953446E+000 
+4.2958058E+000 +3.7730354E+000 +3.4163873E+000 +3.0715960E+000 +2.5919181E+000 +1.2071155E+000 +3.4759217E-001 +3.0706092E-001 +2.7416775E-001 +2.3400457E-001 +2.8242280E-001 +3.8546717E-001 +2.4488776E-001 +2.8333140E-001 +2.6375240E-001 +2.6257801E-001 +3.7628189E-001 +4.6596781E-001 +3.2292200E-001 +6.8414317E-001 +1.0703307E+000 +2.2127051E+000 +2.8419871E+000 +3.1303090E+000 +3.3547396E+000 +3.5543100E+000 +3.7500721E+000 +3.9643296E+000 +4.2394193E+000 +4.6961148E+000 
+3.9781701E+000 +3.3907083E+000 +2.9113364E+000 +2.1156911E+000 +8.3165043E-001 +3.5094178E-001 +2.5420252E-001 +3.8997913E-001 +3.4761226E-001 +3.6573756E-001 +3.0270044E-001 +2.3565000E-001 +2.7262065E-001 +2.6768117E-001 +2.5421125E-001 +2.3884134E-001 +2.4110380E-001 +3.6904596E-001 +3.6265742E-001 +2.8963918E-001 +3.8431218E-001 +3.1507979E-001 +9.8850979E-001 +1.9478438E+000 +2.7577595E+000 +3.0920699E+000 +3.3395098E+000 +3.5779812E+000 +3.8724718E+000 +4.3621439E+000 
+3.5924599E+000 +2.8696751E+000 +1.8757596E+000 +5.0732918E-001 +3.0790334E-001 +2.3202414E-001 +2.5116094E-001 +3.2541165E-001 +3.0958540E-001 +2.5946664E-001 +2.7702563E-001 +2.3316606E-001 +2.6420741E-001 +2.8794974E-001 +2.4639073E-001 +2.2208472E-001 +2.3373591E-001 +2.7341294E-001 +2.6442132E-001 +2.3640400E-001 +2.5292063E-001 +2.3455542E-001 +2.5148120E-001 +3.6680881E-001 +6.7933449E-001 +2.0267290E+000 +2.7219884E+000 +3.0745278E+000 +3.4148424E+000 +3.9645217E+000 
+2.6950404E+000 +6.9031257E-001 +3.4532839E-001 +3.6076378E-001 +3.1736648E-001 +2.4342830E-001 +2.2527817E-001 +2.7663088E-001 +2.2980114E-001 +2.6534831E-001 +2.3434353E-001 +2.3715009E-001 +2.4074412E-001 +2.2840573E-001 +2.5548078E-001 +2.3192748E-001 +2.4503001E-001 +3.0487887E-001 +3.3128304E-001 +2.3160445E-001 +2.3379091E-001 +2.2257805E-001 +2.2992762E-001 +2.5170172E-001 +2.8715239E-001 +3.1969469E-001 +3.6959969E-001 +9.2004336E-001 +2.2002129E+000 +3.2579025E+000 
+5.4301192E-001 +3.0239640E-001 +4.0361913E-001 +2.9117357E-001 +2.2897970E-001 +2.3478050E-001 +2.6013276E-001 +2.9513122E-001 +2.8948057E-001 +3.1748115E-001 +2.4694022E-001 +2.2697806E-001 +2.2806416E-001 +2.5277930E-001 +2.6959856E-001 +2.6950704E-001 +2.5873082E-001 +3.2501526E-001 +2.4515127E-001 +2.4913395E-001 +2.3705357E-001 +2.3689030E-001 +2.4411754E-001 +2.7357357E-001 +2.8680604E-001 +2.4166702E-001 +2.8435863E-001 +3.0384798E-001 +3.0234358E-001 +7.1701702E-001 
+1.3891173E+000 +4.5273447E-001 +3.4904154E-001 +2.8333740E-001 +2.3985955E-001 +2.3651811E-001 +2.2699746E-001 +2.3050387E-001 +2.3534921E-001 +2.6319142E-001 +2.3016142E-001 +2.2671789E-001 +2.2363280E-001 +2.3002037E-001 +2.4710466E-001 +2.3072440E-001 +2.6743048E-001 +2.4979649E-001 +2.2626165E-001 +2.3245851E-001 +2.3434792E-001 +2.4232366E-001 +2.6765157E-001 +3.0747678E-001 +2.6951457E-001 +2.6492862E-001 +3.0675273E-001 +2.4894149E-001 +2.8547697E-001 +5.2816767E-001 
+1.5791935E+000 +5.5388030E-001 +2.7449585E-001 +2.3670907E-001 +2.2938061E-001 +2.5085003E-001 +2.2660809E-001 +2.1874937E-001 +2.2059809E-001 +2.1977472E-001 +2.3697277E-001 +2.3195245E-001 +2.9643486E-001 +2.6858311E-001 +2.5592954E-001 +2.5801346E-001 +2.9359798E-001 +2.3968336E-001 +2.2535332E-001 +2.3788042E-001 +2.3469388E-001 +3.3597602E-001 +5.3004261E-001 +3.7751028E-001 +2.8161502E-001 +2.6490036E-001 +2.7305887E-001 +4.6845253E-001 +2.0107965E+000 +3.1592253E+000 
+2.9723431E+000 +1.3505091E+000 +2.8932527E-001 +3.3418154E-001 +2.4214076E-001 +2.4226214E-001 +2.3636339E-001 +2.3297294E-001 +2.2536457E-001 +2.2798235E-001 +2.5670295E-001 +2.9861176E-001 +2.6022078E-001 +2.4001519E-001 +2.5074020E-001 +4.1050808E-001 +2.4739229E-001 +2.3373711E-001 +2.2647812E-001 +2.4780981E-001 +2.4221764E-001 +2.3978252E-001 +2.7278879E-001 +4.2301899E-001 +2.6517073E-001 +7.8083880E-001 +1.4538195E+000 +2.6598387E+000 +3.1730712E+000 +3.7853408E+000 
+3.4665113E+000 +2.5978399E+000 +6.2124128E-001 +2.7883488E-001 +2.3636465E-001 +2.5675541E-001 +2.9404057E-001 +2.5146873E-001 +2.3045351E-001 +2.2011011E-001 +2.2399943E-001 +2.2303002E-001 +2.2272386E-001 +2.2132805E-001 +2.3322119E-001 +2.3261238E-001 +2.2188755E-001 +2.3095958E-001 +2.1926423E-001 +2.2559966E-001 +2.2296331E-001 +2.1921626E-001 +2.6631363E-001 +2.7952031E-001 +2.7853363E-001 +8.8356768E-001 +2.5350524E+000 +3.0584887E+000 +3.4670324E+000 +4.0269624E+000 
+3.7950002E+000 +3.1390327E+000 +2.4618535E+000 +6.1518128E-001 +3.7771735E-001 +2.5284219E-001 +2.2578510E-001 +2.4340414E-001 +2.3740269E-001 +2.2511094E-001 +2.2987087E-001 +2.4660479E-001 +2.3353782E-001 +2.2690097E-001 +2.4887149E-001 +2.3162973E-001 +2.3148126E-001 +2.2286655E-001 +2.3775672E-001 +2.3958682E-001 +2.2171231E-001 +2.1966928E-001 +2.1991635E-001 +2.3383726E-001 +2.6668907E-001 +1.7672651E+000 +2.7630613E+000 +3.2160132E+000 +3.6018521E+000 +4.1436241E+000 
+4.0316278E+000 +3.4661087E+000 +3.0463181E+000 +2.5028665E+000 +4.5143295E-001 +2.4787051E-001 +2.1888764E-001 +2.2882673E-001 +2.2572058E-001 +2.2566833E-001 +2.2831520E-001 +2.2992389E-001 +2.3238013E-001 +2.3093085E-001 +2.6618979E-001 +2.4103923E-001 +2.3728625E-001 +2.6623390E-001 +2.2072451E-001 +2.2080468E-001 +2.1826134E-001 +2.1694140E-001 +2.2048801E-001 +2.4069657E-001 +3.8796847E-001 +2.4985474E+000 +3.0156363E+000 +3.3532771E+000 +3.6980030E+000 +4.2196440E+000 
+4.1931391E+000 +3.6599384E+000 +3.2877019E+000 +2.8736750E+000 +2.0613439E+000 +3.8214973E-001 +2.3999609E-001 +2.1775350E-001 +2.2234957E-001 +2.1919976E-001 +2.2498673E-001 +2.2285962E-001 +2.1676995E-001 +2.2183415E-001 +2.5117483E-001 +2.2348425E-001 +2.2624505E-001 +2.4614966E-001 +2.5039022E-001 +2.1809678E-001 +2.2170866E-001 +2.1858788E-001 +2.2011895E-001 +2.5709303E-001 +7.4941848E-001 +2.5503848E+000 +3.0607900E+000 +3.3935781E+000 +3.7333133E+000 +4.2498959E+000 
+4.3358484E+000 +3.8319518E+000 +3.5082162E+000 +3.2155829E+000 +2.8500750E+000 +2.1174640E+000 +3.7565545E-001 +2.3935487E-001 +2.1772423E-001 +2.1995130E-001 +2.3022397E-001 +2.2329446E-001 +2.2010767E-001 +2.1829124E-001 +3.0656537E-001 +2.2407225E-001 +2.1984020E-001 +2.2336525E-001 +2.3014535E-001 +2.3019981E-001 +2.2873997E-001 +2.2142029E-001 +2.2385554E-001 +2.8468821E-001 +5.2250396E-001 +2.5222448E+000 +3.0413853E+000 +3.3788394E+000 +3.7222071E+000 +4.2413214E+000 
+4.4718919E+000 +3.9892211E+000 +3.6901649E+000 +3.4386293E+000 +3.1665609E+000 +2.7758281E+000 +1.8564260E+000 +3.3282904E-001 +2.3848062E-001 +2.3023411E-001 +2.7346182E-001 +2.9797389E-001 +2.3159384E-001 +2.2833214E-001 +2.4516286E-001 +2.2423058E-001 +2.4127051E-001 +2.5049264E-001 +3.4999734E-001 +2.9182098E-001 +2.4166126E-001 +2.5759834E-001 +2.3107440E-001 +2.7023424E-001 +2.9486513E-001 +2.2083095E+000 +2.9057312E+000 +3.2979828E+000 +3.6667794E+000 +4.1995512E+000 
+4.6181095E+000 +4.1538322E+000 +3.8715607E+000 +3.6429036E+000 +3.4144225E+000 +3.1385991E+000 +2.7073503E+000 +1.5556085E+000 +3.5367967E-001 +2.8190876E-001 +2.5769506E-001 +2.5759203E-001 +2.3165040E-001 +2.5404104E-001 +2.4598351E-001 +2.1926060E-001 +2.2591022E-001 +2.5212587E-001 +2.9742068E-001 +2.6402787E-001 +2.5976872E-001 +2.4432606E-001 +2.2990391E-001 +2.3735435E-001 +2.6081359E-001 +6.4721490E-001 +2.5820471E+000 +3.1620052E+000 +3.5937720E+000 +4.1516166E+000 
+4.7969948E+000 +4.3520788E+000 +4.0854864E+000 +3.8767993E+000 +3.6836754E+000 +3.4846477E+000 +3.2606554E+000 +2.9795491E+000 +2.5203769E+000 +1.3795574E+000 +5.9075391E-001 +3.1375525E-001 +2.8083481E-001 +3.4803496E-001 +2.7369820E-001 +2.2857816E-001 +2.3967623E-001 +2.7343595E-001 +2.6444872E-001 +2.6879218E-001 +2.2848261E-001 +2.4636010E-001 +2.6018009E-001 +2.8978116E-001 +3.2347284E-001 +5.7674860E-001 +2.5677565E+000 +3.1620070E+000 +3.6048723E+000 +4.1669694E+000 
+5.0340040E+000 +4.6082194E+000 +4.3518808E+000 +4.1533084E+000 +3.9771579E+000 +3.8096681E+000 +3.6435133E+000 +3.4731602E+000 +3.2936658E+000 +3.1025883E+000 +2.8841578E+000 +2.4268062E+000 +1.3345912E+000 +6.4413109E-001 +4.5184415E-001 +2.6801794E-001 +2.7793344E-001 +2.4906442E-001 +2.7215320E-001 +2.5443577E-001 +2.2847663E-001 +3.2218749E-001 +2.8655307E-001 +5.7801530E-001 +5.4155395E-001 +1.5480583E+000 +2.7869694E+000 +3.3232551E+000 +3.7505350E+000 +4.2976671E+000 
+5.3806884E+000 +4.9659664E+000 +4.7032649E+000 +4.4970190E+000 +4.3190615E+000 +4.1585612E+000 +4.0097640E+000 +3.8686981E+000 +3.7318891E+000 +3.5951277E+000 +3.4513784E+000 +3.2893268E+000 +3.1030869E+000 +2.8617870E+000 +2.3025942E+000 +9.9457172E-001 +4.9111324E-001 +2.9446345E-001 +2.6443940E-001 +2.3459917E-001 +2.3439797E-001 +2.4813987E-001 +6.1345403E-001 +2.4015516E+000 +2.8733290E+000 +3.1625860E+000 +3.4603571E+000 +3.7733378E+000 +4.1278550E+000 +4.6328087E+000 
+6.0376144E+000 +5.5643579E+000 +5.2514088E+000 +5.0190835E+000 +4.8325862E+000 +4.6747078E+000 +4.5357981E+000 +4.4096917E+000 +4.2917900E+000 +4.1779827E+000 +4.0639757E+000 +3.9449113E+000 +3.8149817E+000 +3.6655682E+000 +3.4858254E+000 +3.2730852E+000 +2.9745901E+000 +2.2153000E+000 +8.6997060E-001 +3.8270168E-001 +3.7284775E-001 +3.3504799E-001 +4.9511322E-001 +2.5916016E+000 +3.3221784E+000 +3.7409574E+000 +4.0721156E+000 +4.4027259E+000 +4.7959291E+000 +5.3477129E+000 
