+5.4892836E+000 +4.9274344E+000 +4.5680866E+000 +4.2862674E+000 +4.0295941E+000 +3.7615183E+000 +3.4338758E+000 +2.9249755E+000 +1.4197422E+000 +4.0131156E-001 +5.9110198E-001 +1.8523303E+000 +2.7444263E+000 +3.0685040E+000 +3.1852276E+000 +3.3211039E+000 +3.5000359E+000 +3.6460273E+000 +3.7681986E+000 +3.8836705E+000 +3.9954950E+000 +4.1067687E+000 +4.2205117E+000 +4.3400807E+000 +4.4701200E+000 +4.6175029E+000 +4.7930539E+000 +5.0160837E+000 +5.3282949E+000 +5.8445104E+000 
+4.8526452E+000 +4.3723665E+000 +4.0521338E+000 +3.7740503E+000 +3.4973826E+000 +3.1815756E+000 +2.7311208E+000 +1.4239015E+000 +3.4418193E-001 +2.7939629E-001 +3.7493459E-001 +6.6196379E-001 +4.4459884E-001 +4.7672926E-001 +9.7418353E-001 +1.8562572E+000 +2.6879540E+000 +2.9305690E+000 +3.1013980E+000 +3.2781053E+000 +3.4295382E+000 +3.5716513E+000 +3.7100394E+000 +3.8485195E+000 +3.9923573E+000 +4.1482286E+000 +4.3246392E+000 +4.5340782E+000 +4.8029461E+000 +5.2356756E+000 
+4.5149151E+000 +4.0350116E+000 +3.7308083E+000 +3.4568329E+000 +3.1527044E+000 +2.7148736E+000 +1.4081337E+000 +3.7303926E-001 +3.2254596E-001 +2.6796251E-001 +3.2870824E-001 +3.4858683E-001 +2.8558274E-001 +2.8579367E-001 +2.9356234E-001 +3.4168627E-001 +4.9130016E-001 +1.0460970E+000 +1.9595583E+000 +2.7094362E+000 +2.9567870E+000 +3.1807177E+000 +3.3693020E+000 +3.5353207E+000 +3.6927766E+000 +3.8522728E+000 +4.0232371E+000 +4.2182214E+000 +4.4673965E+000 +4.8960773E+000 
+4.2779473E+000 +3.7803033E+000 +3.4710201E+000 +3.1825114E+000 +2.7912219E+000 +1.6685705E+000 +3.6842455E-001 +3.3718583E-001 +3.2024239E-001 +2.8057893E-001 +3.5709337E-001 +4.8845114E-001 +2.8253604E-001 +3.2909806E-001 +3.0559956E-001 +2.8983362E-001 +4.1637869E-001 +5.9560376E-001 +3.6031739E-001 +7.8919817E-001 +1.4043619E+000 +2.6455207E+000 +3.0008812E+000 +3.2306677E+000 +3.4171842E+000 +3.5892437E+000 +3.7628785E+000 +3.9553046E+000 +4.2033402E+000 +4.6454867E+000 
+4.0705430E+000 +3.5416012E+000 +3.1988083E+000 +2.8595949E+000 +2.3493762E+000 +3.8860712E-001 +2.9835339E-001 +5.5355549E-001 +4.5575758E-001 +3.9305274E-001 +3.3994098E-001 +2.9389973E-001 +3.2317079E-001 +3.1261740E-001 +3.0807699E-001 +3.0303538E-001 +3.0807516E-001 +4.4699068E-001 +4.4382683E-001 +3.8662279E-001 +4.5186928E-001 +5.7579441E-001 +2.2983746E+000 +2.8232306E+000 +3.0998629E+000 +3.3142560E+000 +3.5072718E+000 +3.7093002E+000 +3.9664776E+000 +4.4282329E+000 
+3.8511832E+000 +3.2619767E+000 +2.7668637E+000 +1.5103056E+000 +4.2607484E-001 +3.6887780E-001 +3.0514241E-001 +4.4131142E-001 +4.1425051E-001 +3.3712048E-001 +5.7528837E-001 +3.0775099E-001 +3.3132953E-001 +3.0905756E-001 +3.4149370E-001 +2.8173079E-001 +3.0616634E-001 +3.6676047E-001 +4.4658604E-001 +3.2801264E-001 +4.2549294E-001 +3.1026703E-001 +5.6218679E-001 +1.2523606E+000 +2.5599610E+000 +2.9615019E+000 +3.2159994E+000 +3.4458262E+000 +3.7222608E+000 +4.2100095E+000 
+3.5853952E+000 +2.8956948E+000 +1.9505855E+000 +5.8214551E-001 +3.3932682E-001 +2.7197522E-001 +3.0520558E-001 +3.9006626E-001 +3.7056857E-001 +2.9977475E-001 +3.1721815E-001 +2.8105705E-001 +3.3501825E-001 +3.1098519E-001 +2.7421818E-001 +2.6384244E-001 +2.7071670E-001 +3.1878245E-001 +3.0114331E-001 +3.0198422E-001 +2.9541882E-001 +2.7766559E-001 +2.7870394E-001 +4.0704258E-001 +6.6651644E-001 +2.1762266E+000 +2.7816560E+000 +3.1018844E+000 +3.4231631E+000 +3.9516813E+000 
+3.1548087E+000 +1.9753109E+000 +5.6448688E-001 +4.8765517E-001 +4.9102220E-001 +3.0691057E-001 +2.6670014E-001 +3.1611118E-001 +2.7713438E-001 +3.5199680E-001 +2.8508545E-001 +3.0740752E-001 +2.9500909E-001 +2.7001988E-001 +2.8726492E-001 +2.6816647E-001 +3.0369555E-001 +4.2144305E-001 +3.9791523E-001 +2.8045699E-001 +2.9198845E-001 +2.6780978E-001 +2.6646809E-001 +3.1576960E-001 +3.5682091E-001 +5.3372652E-001 +6.9436934E-001 +2.4245263E+000 +2.9536991E+000 +3.5794072E+000 
+1.8324909E+000 +3.8070197E-001 +3.2689802E-001 +3.0669108E-001 +2.7585505E-001 +2.6706978E-001 +2.6122738E-001 +2.8542272E-001 +2.8396894E-001 +4.6837715E-001 +3.1144079E-001 +2.9175084E-001 +2.7640556E-001 +2.9516455E-001 +2.8725084E-001 +3.1910453E-001 +2.9973524E-001 +3.5899490E-001 +3.8420521E-001 +2.7235201E-001 +2.6811111E-001 +2.6409980E-001 +2.7417714E-001 +2.8707661E-001 +3.4791533E-001 +3.5026564E-001 +3.1060769E-001 +4.1507927E-001 +9.5773639E-001 +2.8780802E+000 
+4.9462541E-001 +3.3607461E-001 +5.8252127E-001 +3.1158792E-001 +2.7257548E-001 +3.0092034E-001 +3.2452097E-001 +3.0679299E-001 +3.3532271E-001 +3.0508684E-001 +2.6829462E-001 +2.6550963E-001 +2.6221225E-001 +2.8918411E-001 +3.5748923E-001 +3.7158173E-001 +2.8455247E-001 +3.2234700E-001 +2.7897823E-001 +3.2693775E-001 +3.0891939E-001 +3.0662530E-001 +2.8067804E-001 +3.4140368E-001 +3.0590865E-001 +2.7660922E-001 +3.3399057E-001 +3.2661169E-001 +3.2292484E-001 +5.5281099E-001 
+2.1732051E+000 +5.5749022E-001 +4.5572820E-001 +3.0751001E-001 +2.9395389E-001 +2.8466296E-001 +2.7085991E-001 +2.7924207E-001 +2.8300330E-001 +3.4533294E-001 +2.8422162E-001 +2.8051166E-001 +2.6511777E-001 +2.6426395E-001 +2.8075416E-001 +2.7828156E-001 +3.2075969E-001 +2.9793509E-001 +2.7785565E-001 +2.8706943E-001 +2.7911386E-001 +2.9120988E-001 +2.9654711E-001 +3.6551189E-001 +3.1119684E-001 +3.0329078E-001 +3.6262442E-001 +2.7672306E-001 +3.1410364E-001 +4.8449364E-001 
+1.4068930E+000 +4.9914698E-001 +3.2153438E-001 +2.8454430E-001 +2.6024755E-001 +3.0399033E-001 +3.0912708E-001 +2.6745896E-001 +2.6182110E-001 +2.6390883E-001 +2.6794941E-001 +2.6404141E-001 +3.3015488E-001 +3.0386776E-001 +3.4771144E-001 +3.0667478E-001 +5.0394420E-001 +2.8779910E-001 +2.7200588E-001 +2.9149225E-001 +2.7565618E-001 +3.7992123E-001 +4.0357950E-001 +4.7208381E-001 +3.1932718E-001 +3.3422222E-001 +3.4263886E-001 +3.5822394E-001 +1.2271784E+000 +2.5240923E+000 
+2.3679890E+000 +9.7073424E-001 +3.7469969E-001 +2.9030190E-001 +2.7179663E-001 +3.2833886E-001 +2.7188410E-001 +2.6077910E-001 +2.6342296E-001 +2.5937767E-001 +2.9292150E-001 +2.8980978E-001 +2.9119984E-001 +2.8795012E-001 +2.9429143E-001 +3.9957769E-001 +3.0329285E-001 +3.2567089E-001 +2.7619921E-001 +2.7914963E-001 +2.9198525E-001 +3.1575235E-001 +7.3351226E-001 +3.9676818E-001 +3.1365084E-001 +3.0582612E-001 +3.6251688E-001 +1.3937405E+000 +2.7435165E+000 +3.4450559E+000 
+3.0509417E+000 +1.4628227E+000 +3.3524266E-001 +4.1627999E-001 +2.9299507E-001 +2.8433759E-001 +2.8361206E-001 +2.8532913E-001 +2.6981045E-001 +2.6847356E-001 +3.0693982E-001 +3.7014762E-001 +3.0543292E-001 +2.8855375E-001 +2.8891071E-001 +5.2377449E-001 +2.9387071E-001 +2.7724749E-001 +2.6843915E-001 +3.0248304E-001 +3.0566722E-001 +2.8484842E-001 +3.4142564E-001 +5.0306362E-001 +3.1951443E-001 +1.1247613E+000 +2.4476315E+000 +2.8651986E+000 +3.2313790E+000 +3.7938774E+000 
+3.4053885E+000 +2.5553084E+000 +4.6973049E-001 +3.2215211E-001 +2.9323161E-001 +4.0456212E-001 +3.2387813E-001 +2.9120368E-001 +2.6852664E-001 +2.8131959E-001 +2.7766813E-001 +2.7014572E-001 +2.7578280E-001 +2.6884456E-001 +2.8052411E-001 +2.7231946E-001 +2.6854592E-001 +2.6789742E-001 +2.5951243E-001 +2.7500004E-001 +2.6563129E-001 +2.7156627E-001 +4.3020268E-001 +4.2420943E-001 +3.2558770E-001 +1.4363567E+000 +2.6834502E+000 +3.0938537E+000 +3.4357214E+000 +3.9686350E+000 
+3.6132584E+000 +2.8815572E+000 +1.6279058E+000 +3.3905939E-001 +2.8630732E-001 +3.1512885E-001 +3.9492853E-001 +3.0020624E-001 +2.7807676E-001 +2.6551428E-001 +2.6863110E-001 +2.7286722E-001 +2.7167700E-001 +2.8144253E-001 +3.2511015E-001 +2.7089546E-001 +2.8228258E-001 +3.0992898E-001 +2.6684148E-001 +2.5899385E-001 +2.7289663E-001 +2.6187793E-001 +2.7437495E-001 +2.9352192E-001 +3.0472524E-001 +9.1480251E-001 +2.6838261E+000 +3.1680293E+000 +3.5295870E+000 +4.0588636E+000 
+3.8068744E+000 +3.2007667E+000 +2.6696772E+000 +1.0235712E+000 +5.3388973E-001 +3.1104067E-001 +2.7860052E-001 +2.9181503E-001 +2.8238940E-001 +2.6899471E-001 +2.7158692E-001 +2.9856721E-001 +2.7036730E-001 +2.6685917E-001 +2.9337988E-001 +2.6413398E-001 +2.7535321E-001 +2.6950594E-001 +2.8974609E-001 +2.9384828E-001 +2.6090028E-001 +2.6154565E-001 +2.5989389E-001 +2.7260199E-001 +3.1753934E-001 +2.2489918E+000 +2.9176284E+000 +3.2736548E+000 +3.6050584E+000 +4.1212537E+000 
+3.9593855E+000 +3.4086883E+000 +3.0280859E+000 +2.5451601E+000 +4.1719333E-001 +2.7969244E-001 +2.6342667E-001 +2.9897344E-001 +2.7742531E-001 +2.6678214E-001 +2.6992774E-001 +2.6802439E-001 +2.9503888E-001 +2.6795791E-001 +3.0745818E-001 +2.7992813E-001 +2.6800545E-001 +3.0298796E-001 +2.6346394E-001 +2.6655031E-001 +2.5868359E-001 +2.5973572E-001 +2.6407535E-001 +3.0283199E-001 +5.1078693E-001 +2.5934707E+000 +3.0499651E+000 +3.3507768E+000 +3.6610646E+000 +4.1661636E+000 
+4.0725288E+000 +3.5426651E+000 +3.1815959E+000 +2.7137817E+000 +1.1076354E+000 +3.1323778E-001 +2.6517693E-001 +2.6486378E-001 +2.6899094E-001 +2.5668725E-001 +2.7020231E-001 +2.8918162E-001 +2.6740333E-001 +2.8220413E-001 +2.9603129E-001 +2.7690925E-001 +2.6506143E-001 +2.8328880E-001 +2.6899219E-001 +2.6167116E-001 +2.6423137E-001 +2.5703055E-001 +2.6474084E-001 +3.3031967E-001 +7.9828899E-001 +2.6370149E+000 +3.0904820E+000 +3.3863627E+000 +3.6917345E+000 +4.1921864E+000 
+4.1717445E+000 +3.6635032E+000 +3.3436483E+000 +3.0234793E+000 +2.5367188E+000 +5.8914412E-001 +2.8778968E-001 +2.6159377E-001 +2.6409889E-001 +2.6190374E-001 +2.7216454E-001 +2.7406317E-001 +2.5993636E-001 +2.6564721E-001 +2.9454536E-001 +2.6476659E-001 +2.7506294E-001 +3.0602364E-001 +3.0788868E-001 +2.6150779E-001 +2.6710353E-001 +2.6321421E-001 +2.6065593E-001 +3.0325179E-001 +8.8736980E-001 +2.6502714E+000 +3.1014681E+000 +3.3972121E+000 +3.7020816E+000 +4.2014181E+000 
+4.2644597E+000 +3.7743061E+000 +3.4808673E+000 +3.2153963E+000 +2.8814104E+000 +2.1681609E+000 +3.5693734E-001 +2.7030495E-001 +2.5940016E-001 +2.6455459E-001 +2.7212039E-001 +2.6168047E-001 +2.6348771E-001 +2.6316643E-001 +3.5643626E-001 +2.6281019E-001 +2.6386179E-001 +2.6767752E-001 +2.6657588E-001 +2.7449032E-001 +2.6486901E-001 +2.6545829E-001 +2.6685851E-001 +3.6176704E-001 +7.9288663E-001 +2.6390999E+000 +3.0928004E+000 +3.3894032E+000 +3.6954482E+000 +4.1959747E+000 
+4.3534571E+000 +3.8775671E+000 +3.6004698E+000 +3.3626412E+000 +3.0941785E+000 +2.6658437E+000 +1.0523531E+000 +3.0353247E-001 +2.6551899E-001 +2.6351007E-001 +3.0809089E-001 +2.6466779E-001 +2.6233223E-001 +2.6533040E-001 +2.8878031E-001 +2.7844690E-001 +2.6025059E-001 +2.8344337E-001 +3.3939572E-001 +3.0093256E-001 +3.0435271E-001 +2.6780502E-001 +2.7396769E-001 +3.7660770E-001 +5.2938125E-001 +2.5954047E+000 +3.0550176E+000 +3.3584751E+000 +3.6708889E+000 +4.1763416E+000 
+4.4436328E+000 +3.9801835E+000 +3.7153430E+000 +3.4968338E+000 +3.2717365E+000 +2.9897894E+000 +2.5158622E+000 +4.9409989E-001 +2.8431043E-001 +2.7056348E-001 +3.2108539E-001 +4.0804458E-001 +2.7557732E-001 +2.8407662E-001 +3.3204194E-001 +2.6874245E-001 +2.8296428E-001 +3.1349379E-001 +4.4102378E-001 +3.5844803E-001 +2.8403536E-001 +3.3391498E-001 +2.7420441E-001 +2.9949801E-001 +3.1214792E-001 +2.2823110E+000 +2.9323826E+000 +3.2913445E+000 +3.6280692E+000 +4.1454979E+000 
+4.5410707E+000 +4.0894161E+000 +3.8343242E+000 +3.6283280E+000 +3.4238101E+000 +3.1808925E+000 +2.8034505E+000 +1.7149665E+000 +3.4918489E-001 +3.2835302E-001 +2.9260594E-001 +2.9836153E-001 +2.7853136E-001 +3.0915650E-001 +2.8446841E-001 +2.6256805E-001 +2.7060961E-001 +2.9024148E-001 +4.2542142E-001 +3.0296391E-001 +2.9694213E-001 +2.8627315E-001 +2.7731448E-001 +2.8000060E-001 +3.1097466E-001 +9.6939603E-001 +2.7042515E+000 +3.2053310E+000 +3.5842799E+000 +4.1177086E+000 
+4.6526974E+000 +4.2131796E+000 +3.9671353E+000 +3.7723199E+000 +3.5872176E+000 +3.3877134E+000 +3.1442127E+000 +2.7890740E+000 +1.9005188E+000 +7.1383030E-001 +3.3539202E-001 +2.9039120E-001 +2.7540937E-001 +3.4463119E-001 +3.2220244E-001 +2.8963167E-001 +2.7136217E-001 +3.1327718E-001 +3.1034415E-001 +3.3542186E-001 +2.8844845E-001 +2.7290685E-001 +3.0745986E-001 +2.8927284E-001 +2.9664405E-001 +5.5294164E-001 +2.6588685E+000 +3.1850407E+000 +3.5773754E+000 +4.1169381E+000 
+4.7861662E+000 +4.3592165E+000 +4.1210671E+000 +3.9352980E+000 +3.7656634E+000 +3.5966890E+000 +3.4176792E+000 +3.2181302E+000 +2.9885065E+000 +2.7236300E+000 +1.9861388E+000 +6.4455435E-001 +3.4341297E-001 +4.0895064E-001 +3.0568915E-001 +2.6832378E-001 +2.8159503E-001 +3.2509968E-001 +2.8348387E-001 +2.7712920E-001 +2.7592778E-001 +3.1614178E-001 +2.8260752E-001 +3.1147167E-001 +4.6058959E-001 +7.6461454E-001 +2.6902467E+000 +3.2255487E+000 +3.6228414E+000 +4.1606119E+000 
+4.9517556E+000 +4.5368617E+000 +4.3031664E+000 +4.1212806E+000 +3.9594550E+000 +3.8064324E+000 +3.6567056E+000 +3.5069266E+000 +3.3542631E+000 +3.1918964E+000 +3.0001937E+000 +2.7811525E+000 +2.2957538E+000 +8.1123434E-001 +5.1927330E-001 +2.9664468E-001 +3.1090907E-001 +3.0101970E-001 +3.4340282E-001 +2.8471743E-001 +2.6854112E-001 +4.2917627E-001 +3.1577285E-001 +7.1175491E-001 +7.1541395E-001 +2.0285320E+000 +2.9429415E+000 +3.3805876E+000 +3.7511107E+000 +4.2719584E+000 
+5.1682585E+000 +4.7619399E+000 +4.5248802E+000 +4.3385378E+000 +4.1759217E+000 +4.0277969E+000 +3.8895100E+000 +3.7579427E+000 +3.6302364E+000 +3.5025436E+000 +3.3688367E+000 +3.2193488E+000 +3.0263664E+000 +2.7383677E+000 +1.9623300E+000 +6.0219097E-001 +3.8718134E-001 +3.1198682E-001 +2.9505542E-001 +2.7346986E-001 +2.7446856E-001 +2.9861860E-001 +5.6710652E-001 +2.4936090E+000 +2.8071378E+000 +3.0559116E+000 +3.3501492E+000 +3.6495923E+000 +3.9773702E+000 +4.4722246E+000 
+5.4815180E+000 +5.0679337E+000 +4.8102953E+000 +4.6087376E+000 +4.4389308E+000 +4.2903903E+000 +4.1568461E+000 +4.0338653E+000 +3.9177272E+000 +3.8045848E+000 +3.6897045E+000 +3.5665567E+000 +3.4252490E+000 +3.2516601E+000 +3.0236750E+000 +2.7065636E+000 +1.6870621E+000 +6.0383167E-001 +3.3188376E-001 +2.8420664E-001 +2.8024414E-001 +2.7564206E-001 +6.6555201E-001 +2.4983643E+000 +3.0717400E+000 +3.4020098E+000 +3.6865955E+000 +3.9763617E+000 +4.3085262E+000 +4.7988072E+000 
+6.0620608E+000 +5.5644001E+000 +5.2630006E+000 +5.0466246E+000 +4.8756762E+000 +4.7325088E+000 +4.6077042E+000 +4.4953746E+000 +4.3911542E+000 +4.2911405E+000 +4.1912360E+000 +4.0867053E+000 +3.9719084E+000 +3.8402484E+000 +3.6834730E+000 +3.4883651E+000 +3.2305342E+000 +2.8853955E+000 +1.7147627E+000 +4.9709051E-001 +4.7994591E-001 +3.8942099E-001 +6.7090188E-001 +2.8335396E+000 +3.5079361E+000 +3.8891380E+000 +4.1896433E+000 +4.4923982E+000 +4.8644870E+000 +5.4358227E+000 
