+4.4317749E+000 +3.9887581E+000 +3.6798291E+000 +3.4302605E+000 +3.2004284E+000 +2.9582110E+000 +2.6567978E+000 +2.1634924E+000 +6.9839660E-001 +2.7623903E-001 +3.7933475E-001 +7.4033956E-001 +1.1433850E+000 +1.5891791E+000 +2.3537800E+000 +2.6061834E+000 +2.7229667E+000 +2.8198190E+000 +2.9354809E+000 +3.0522825E+000 +3.1590994E+000 +3.2612102E+000 +3.3646407E+000 +3.4734186E+000 +3.5917657E+000 +3.7254414E+000 +3.8833315E+000 +4.0807428E+000 +4.3476914E+000 +4.7515787E+000 
+3.8379260E+000 +3.4348273E+000 +3.1590944E+000 +2.9151754E+000 +2.6582958E+000 +2.3233661E+000 +1.6343272E+000 +4.2337042E-001 +2.2298338E-001 +1.8934384E-001 +2.7059631E-001 +4.4136031E-001 +2.6251449E-001 +2.4906827E-001 +2.6956706E-001 +3.9468870E-001 +6.8991522E-001 +1.2875586E+000 +2.0279803E+000 +2.3911557E+000 +2.5576187E+000 +2.7015343E+000 +2.8446596E+000 +2.9821875E+000 +3.1189944E+000 +3.2611652E+000 +3.4158060E+000 +3.5939242E+000 +3.8209941E+000 +4.1796218E+000 
+3.5207227E+000 +3.0923199E+000 +2.8000608E+000 +2.5175028E+000 +2.1243235E+000 +9.8933656E-001 +2.8487200E-001 +2.5165666E-001 +2.2470112E-001 +1.9213285E-001 +2.3230269E-001 +3.2052814E-001 +2.0086715E-001 +2.3222004E-001 +2.1615580E-001 +2.1519319E-001 +3.0837720E-001 +3.8187946E-001 +2.6464922E-001 +5.6080045E-001 +8.7719954E-001 +1.8135498E+000 +2.3298219E+000 +2.5673798E+000 +2.7530603E+000 +2.9183040E+000 +3.0795776E+000 +3.2552962E+000 +3.4804532E+000 +3.8541535E+000 
+3.2604677E+000 +2.7791152E+000 +2.3865196E+000 +1.7356362E+000 +6.8922170E-001 +2.8769782E-001 +2.0836242E-001 +3.1982008E-001 +2.8491180E-001 +3.0602175E-001 +2.4836580E-001 +1.9313866E-001 +2.2342372E-001 +2.1937485E-001 +2.0833632E-001 +1.9574935E-001 +1.9759403E-001 +3.0245839E-001 +2.9723454E-001 +2.3772490E-001 +3.1496749E-001 +2.5822018E-001 +8.1014404E-001 +1.5999558E+000 +2.2690275E+000 +2.5501089E+000 +2.7515144E+000 +2.9441002E+000 +3.1830963E+000 +3.5826834E+000 
+2.9443166E+000 +2.3520246E+000 +1.5375694E+000 +4.1602506E-001 +2.6275796E-001 +1.9126768E-001 +2.0630049E-001 +2.6892635E-001 +2.5395616E-001 +2.1526249E-001 +2.2713992E-001 +1.9110579E-001 +2.1652906E-001 +2.3598608E-001 +2.0194191E-001 +1.8214309E-001 +1.9156248E-001 +2.2421865E-001 +2.1727973E-001 +2.0049370E-001 +2.0733494E-001 +1.9224774E-001 +2.0640400E-001 +3.0644626E-001 +6.3334405E-001 +1.8369172E+000 +2.2770361E+000 +2.5397542E+000 +2.8097724E+000 +3.2567758E+000 
+2.2090270E+000 +5.6898999E-001 +3.0513755E-001 +2.9743034E-001 +2.8203911E-001 +2.0739130E-001 +1.8986051E-001 +2.4917924E-001 +1.9108599E-001 +2.4834500E-001 +1.9287835E-001 +1.9463370E-001 +1.9732552E-001 +1.8719702E-001 +2.0954954E-001 +1.9181901E-001 +2.0091166E-001 +2.5140161E-001 +2.7216417E-001 +1.9012340E-001 +1.9162035E-001 +1.8241210E-001 +1.8876583E-001 +2.0634566E-001 +2.3654177E-001 +2.6210076E-001 +3.0370270E-001 +8.2811434E-001 +1.8087246E+000 +2.6733868E+000 
+4.4528242E-001 +2.4932226E-001 +3.3314542E-001 +2.3880992E-001 +1.8867516E-001 +1.9814202E-001 +2.7774505E-001 +3.9329523E-001 +2.5026888E-001 +2.7991574E-001 +2.0422420E-001 +1.8908699E-001 +1.8718077E-001 +2.0718844E-001 +2.2099496E-001 +2.2174825E-001 +2.1207659E-001 +2.6657946E-001 +2.0099117E-001 +2.0585482E-001 +1.9445443E-001 +1.9415369E-001 +2.0489745E-001 +2.2469928E-001 +2.3529480E-001 +1.9842144E-001 +2.3674368E-001 +2.5334856E-001 +2.5455795E-001 +6.2419290E-001 
+1.1394522E+000 +3.9760815E-001 +2.8685943E-001 +2.3223083E-001 +1.9666843E-001 +1.9484776E-001 +1.9984787E-001 +1.9485665E-001 +1.9322056E-001 +2.2124142E-001 +1.9114212E-001 +1.9191096E-001 +1.8461441E-001 +1.8862342E-001 +2.0256405E-001 +1.8912911E-001 +2.1917753E-001 +2.0474973E-001 +1.8548675E-001 +1.9176942E-001 +1.9449923E-001 +1.9861615E-001 +2.1959859E-001 +2.5345219E-001 +2.2518124E-001 +2.1758627E-001 +2.5172102E-001 +2.0434642E-001 +2.3428705E-001 +4.8619329E-001 
+1.2942960E+000 +4.5475580E-001 +2.2501452E-001 +1.9399338E-001 +1.8799155E-001 +2.0564396E-001 +1.8639535E-001 +1.7968730E-001 +1.8081256E-001 +1.8056940E-001 +1.9444936E-001 +1.9086474E-001 +2.4992390E-001 +2.2068131E-001 +2.1295317E-001 +2.1165496E-001 +2.4091080E-001 +1.9667978E-001 +1.8531670E-001 +2.0505360E-001 +1.9302746E-001 +2.7544463E-001 +4.3443177E-001 +3.0942711E-001 +2.3112916E-001 +2.1711842E-001 +2.2379725E-001 +3.8404504E-001 +1.6513408E+000 +2.6007313E+000 
+2.4359497E+000 +1.1068137E+000 +2.3711562E-001 +2.7387444E-001 +1.9844393E-001 +1.9854729E-001 +1.9377544E-001 +1.9109360E-001 +1.8472026E-001 +1.8687661E-001 +2.1040282E-001 +2.4495368E-001 +2.1549695E-001 +1.9763077E-001 +2.0600832E-001 +3.3717186E-001 +2.0581841E-001 +1.9689988E-001 +1.8565952E-001 +2.0393580E-001 +2.0259372E-001 +1.9676550E-001 +2.2359048E-001 +3.4668474E-001 +2.1734165E-001 +6.3992699E-001 +1.1914798E+000 +2.1800034E+000 +2.6010742E+000 +3.1033272E+000 
+2.8409371E+000 +2.1290282E+000 +5.0913144E-001 +2.2851575E-001 +1.9371045E-001 +2.1042996E-001 +2.4117584E-001 +2.0822167E-001 +1.8920736E-001 +1.8041523E-001 +1.8357884E-001 +1.8278844E-001 +1.8258192E-001 +1.8157962E-001 +1.9420944E-001 +1.9174807E-001 +1.8262261E-001 +1.8957049E-001 +1.7970885E-001 +1.8506579E-001 +1.8503920E-001 +1.7982930E-001 +2.1827032E-001 +2.2907887E-001 +2.2827132E-001 +7.2411746E-001 +2.0775891E+000 +2.5066152E+000 +2.8415049E+000 +3.3004316E+000 
+3.1101456E+000 +2.5725556E+000 +2.0175816E+000 +5.0416507E-001 +3.0956240E-001 +2.0731305E-001 +1.8604810E-001 +2.1617724E-001 +1.9899938E-001 +1.8480120E-001 +1.8840576E-001 +2.0210636E-001 +1.9142526E-001 +1.8634262E-001 +2.0873806E-001 +2.0847424E-001 +1.9239978E-001 +1.8292685E-001 +1.9486700E-001 +1.9636393E-001 +1.8183315E-001 +1.8003670E-001 +1.8023085E-001 +1.9163851E-001 +2.1856194E-001 +1.4483410E+000 +2.2644406E+000 +2.6356650E+000 +2.9518886E+000 +3.3958968E+000 
+3.3040708E+000 +2.8406066E+000 +2.4965724E+000 +2.0511934E+000 +3.6996669E-001 +2.0314221E-001 +1.7943272E-001 +1.8824647E-001 +1.8526917E-001 +1.8496074E-001 +1.8711370E-001 +1.8843195E-001 +1.9045224E-001 +1.8935849E-001 +2.2092593E-001 +2.3334598E-001 +2.4272276E-001 +2.2534274E-001 +1.8127678E-001 +1.8098483E-001 +1.7888551E-001 +1.7779243E-001 +1.8069858E-001 +1.9725991E-001 +3.1795477E-001 +2.0476544E+000 +2.4714307E+000 +2.7481434E+000 +3.0306623E+000 +3.4581677E+000 
+3.4364354E+000 +2.9994574E+000 +2.6943957E+000 +2.3550852E+000 +1.6893496E+000 +3.1318636E-001 +1.9668928E-001 +1.7850926E-001 +1.8224236E-001 +1.7964358E-001 +1.8438520E-001 +1.8264289E-001 +1.7766586E-001 +1.8202609E-001 +2.0941669E-001 +1.9727824E-001 +1.8918533E-001 +2.0243507E-001 +2.0527958E-001 +1.7874349E-001 +1.8170903E-001 +1.7914188E-001 +1.8039981E-001 +2.1069758E-001 +6.1417665E-001 +2.0901367E+000 +2.5084337E+000 +2.7811671E+000 +3.0595936E+000 +3.4829527E+000 
+3.5533911E+000 +3.1404289E+000 +2.8751155E+000 +2.6352915E+000 +2.3357443E+000 +1.7353424E+000 +3.0786416E-001 +1.9616466E-001 +1.7843450E-001 +1.8025844E-001 +1.8867732E-001 +1.8299962E-001 +1.8040672E-001 +1.7919222E-001 +2.5844714E-001 +1.8594173E-001 +1.8051640E-001 +1.8322160E-001 +1.8863328E-001 +1.8867389E-001 +1.8760531E-001 +1.8147465E-001 +1.8351358E-001 +2.3331527E-001 +4.2821172E-001 +2.0670747E+000 +2.4925302E+000 +2.7690868E+000 +3.0504897E+000 +3.4759235E+000 
+3.6648839E+000 +3.2693170E+000 +3.0242293E+000 +2.8180864E+000 +2.5951161E+000 +2.2748960E+000 +1.5214118E+000 +2.7276658E-001 +1.9544395E-001 +1.8868552E-001 +2.2411227E-001 +2.4420098E-001 +1.8980132E-001 +1.8714736E-001 +2.0148408E-001 +1.8422098E-001 +1.9790818E-001 +2.0763884E-001 +2.8839948E-001 +2.3951222E-001 +2.0088423E-001 +2.1127817E-001 +1.9020307E-001 +2.2153427E-001 +2.4165795E-001 +1.8097944E+000 +2.3813568E+000 +2.7028216E+000 +3.0050642E+000 +3.4416907E+000 
+3.7847147E+000 +3.4042220E+000 +3.1728899E+000 +2.9854968E+000 +2.7982479E+000 +2.5722002E+000 +2.2187755E+000 +1.2748798E+000 +2.8985382E-001 +2.3103484E-001 +2.1119080E-001 +2.1110637E-001 +1.8984629E-001 +2.0819710E-001 +2.0161990E-001 +1.7974255E-001 +1.8540107E-001 +2.1072378E-001 +2.4962627E-001 +2.1748579E-001 +2.2089009E-001 +2.0038447E-001 +1.8920742E-001 +1.9457204E-001 +2.1375227E-001 +5.3042033E-001 +2.1160852E+000 +2.5913826E+000 +2.9452317E+000 +3.4024063E+000 
+3.9313181E+000 +3.5666927E+000 +3.3482102E+000 +3.1771833E+000 +3.0189109E+000 +2.8558003E+000 +2.6722300E+000 +2.4418528E+000 +2.0655438E+000 +1.1305992E+000 +4.8414506E-001 +2.5713424E-001 +2.3015471E-001 +2.8522803E-001 +2.2430911E-001 +1.8734841E-001 +1.9673803E-001 +2.2736990E-001 +2.2126821E-001 +2.2299399E-001 +1.8762089E-001 +2.0193665E-001 +2.1601775E-001 +2.3774260E-001 +2.6511764E-001 +4.7267728E-001 +2.1043742E+000 +2.5913844E+000 +2.9543291E+000 +3.4149887E+000 
+4.1255562E+000 +3.7766097E+000 +3.5665307E+000 +3.4037932E+000 +3.2594313E+000 +3.1221672E+000 +2.9859971E+000 +2.8463864E+000 +2.6992841E+000 +2.5426889E+000 +2.3636769E+000 +1.9888597E+000 +1.0937478E+000 +5.2789138E-001 +3.7031435E-001 +2.1982427E-001 +2.3062635E-001 +2.1092938E-001 +2.2395924E-001 +2.0895431E-001 +1.8791467E-001 +2.6425077E-001 +2.3515853E-001 +4.7376923E-001 +4.4382799E-001 +1.2686948E+000 +2.2840276E+000 +2.7235337E+000 +3.0737056E+000 +3.5221008E+000 
+4.4096773E+000 +4.0697971E+000 +3.8545035E+000 +3.6854773E+000 +3.5396346E+000 +3.4080988E+000 +3.2861542E+000 +3.1705460E+000 +3.0584266E+000 +2.9463467E+000 +2.8285406E+000 +2.6957365E+000 +2.5431119E+000 +2.3453702E+000 +1.8871279E+000 +8.1664664E-001 +4.0648540E-001 +2.4227264E-001 +2.1682377E-001 +1.9234101E-001 +1.9291735E-001 +2.0370327E-001 +5.0341301E-001 +1.9681642E+000 +2.3548034E+000 +2.5918610E+000 +2.8358956E+000 +3.0923948E+000 +3.3829347E+000 +3.7967630E+000 
+4.9480529E+000 +4.5602015E+000 +4.3037280E+000 +4.1133289E+000 +3.9604876E+000 +3.8311007E+000 +3.7172595E+000 +3.6139115E+000 +3.5172879E+000 +3.4240207E+000 +3.3305914E+000 +3.2330199E+000 +3.1265486E+000 +3.0041182E+000 +2.8568479E+000 +2.6825629E+000 +2.4379763E+000 +1.8158187E+000 +7.1302197E-001 +3.1367442E-001 +3.0597970E-001 +2.7647079E-001 +4.0577629E-001 +2.1239888E+000 +2.7226780E+000 +3.0658688E+000 +3.3372597E+000 +3.6082045E+000 +3.9304480E+000 +4.3826549E+000 
