+1.8038345E+000 +1.8333985E+000 +1.8907101E+000 +1.9715198E+000 +2.0682451E+000 +2.1680973E+000 +2.2421051E+000 +2.2155143E+000 +2.1902806E+000 +2.4660772E+000 +1.4712762E+000 +9.4161040E-001 +8.0594354E-001 +1.1803674E+000 +1.0894653E+000 +7.8532951E-001 +3.8983476E-001 +4.8293224E-002 -2.4888223E-001 -5.0715879E-001 -7.1338212E-001 -8.7327826E-001 -1.0121393E+000 -1.1377681E+000 -1.2536279E+000 -1.3597661E+000 -1.4534308E+000 -1.5299915E+000 -1.5844295E+000 -1.6127354E+000 
+1.6708614E+000 +1.7085952E+000 +1.7850204E+000 +1.8999345E+000 +2.0541807E+000 +2.2843403E+000 +2.6945780E+000 +2.7794125E+000 +1.4238984E+000 +1.4922307E+000 +1.0448831E+000 +7.0707099E-001 +1.0973951E+000 +5.5017448E-001 +1.0487803E+000 +1.1962442E+000 +1.4716374E-001 -1.5125678E-001 -4.2384180E-001 -7.4128411E-001 -9.2175273E-001 -9.6789012E-001 -1.0716550E+000 -1.1817075E+000 -1.2973538E+000 -1.4158691E+000 -1.5303615E+000 -1.6294953E+000 -1.7019663E+000 -1.7400500E+000 
+1.3681690E+000 +1.4097654E+000 +1.5062150E+000 +1.6514411E+000 +1.6986732E+000 +1.5906268E+000 +8.5000314E-001 +1.2411521E+000 +1.9356255E+000 +1.2398560E+000 +1.4967206E+000 +1.2700493E+000 +1.4587765E+000 +1.7034522E+000 +1.1241961E+000 +1.7739009E-001 +1.0705247E+000 +4.6013480E-001 -1.5830207E-001 -1.5914903E+000 -1.7343190E+000 -8.0330454E-001 -1.1028906E+000 -1.2004870E+000 -1.3281758E+000 -1.4900660E+000 -1.6763720E+000 -1.8489236E+000 -1.9741700E+000 -2.0386578E+000 
+8.7838421E-001 +8.6421681E-001 +1.0080223E+000 +1.8437058E+000 +3.6722307E-001 +1.6314012E-001 +4.2429582E-002 +7.9216416E-001 +7.5147195E-001 +6.5521300E-001 +1.3944765E+000 +1.0085159E+000 +9.8934078E-001 +4.6543753E-001 +8.2700069E-001 +7.8031898E-001 +3.0573528E-001 -2.8379635E-001 +5.6365605E-002 +8.8540193E-002 -1.7903890E-001 -1.3672937E+000 -2.0426362E+000 -1.0839164E+000 -1.2051669E+000 -1.4544453E+000 -1.8842469E+000 -2.2811215E+000 -2.5196547E+000 -2.6273187E+000 
+4.5232162E-001 -3.9186305E-001 -2.6021025E+000 -7.2656486E-001 -8.9284338E-001 -1.7348881E+000 -1.1812778E+000 -4.8582266E-001 -4.8879083E-001 -2.0958900E-001 -8.1232471E-001 +3.3396358E-001 -1.2130158E-001 +3.1423199E-001 +5.5539991E-001 +3.8502661E-001 +7.6096618E-001 +8.7096280E-001 +2.2883304E-001 -6.8765873E-001 +5.8963433E-001 +1.7710629E-001 -1.2058173E+000 -1.4676094E+000 -5.0631380E-001 -6.0686600E-001 -2.2402213E+000 -3.4255081E+000 -3.6537631E+000 -3.7002313E+000 
+3.8232369E+000 +4.4963049E+000 +4.1246900E+000 +1.2243415E+000 +5.7993449E-001 -4.9607963E+000 -5.3386550E+000 -3.3515228E+000 -1.7672087E+000 -1.4184729E+000 -9.8674926E-001 -1.1724491E+000 -5.3808280E-001 +1.7422973E-001 +7.6287217E-002 +4.4140340E-001 +4.2195351E-001 +2.9297067E-001 +1.3282461E+000 +1.8644368E+000 +7.5561201E-001 +1.6388693E+000 +1.5234362E+000 +1.2700710E-001 -1.1448405E+000 -7.4517623E-001 -2.7544591E+000 -8.8744374E+000 -5.6055133E+000 -4.9821488E+000 
+4.7008059E+000 +3.0674789E+000 +2.9772923E+000 +2.6024363E+000 +1.9600351E+000 +1.4269597E+000 -2.2097658E+000 -5.7185069E+000 -1.0758097E+001 -8.0481364E+000 -4.3904827E+000 -1.8142614E+000 -7.5332500E-001 +2.5724310E-001 -4.5608837E-001 -4.0492400E-001 +3.6878193E-001 +1.0472269E+000 +7.7338334E-001 +1.1651188E+000 +2.1219733E+000 +1.0696555E+000 +1.1293449E+000 +2.5854032E+000 -1.4220977E+000 -5.3063136E-001 -1.0705503E+000 -5.9055026E+000 -6.1238050E+000 -3.4602945E+000 
-1.1475476E+000 +2.3909929E+000 +1.8978306E+000 +2.4189534E+000 +1.9229933E+000 +1.8114341E+000 +2.5094369E+000 +8.0300936E-001 -2.7932322E+000 -5.5523158E+000 -6.5146138E+000 -6.2370582E+000 -3.8182951E+000 -2.6895903E+000 -1.4590327E+000 -1.4152541E+000 -2.7762924E-001 +7.6698954E-001 +6.8130322E-001 +1.5071227E+000 +2.0582896E+000 +2.0009971E+000 +2.3103053E+000 +2.5408937E+000 +2.9880957E+000 +3.8437681E-001 +2.1390771E+000 -2.0170298E+000 -4.5052102E+000 -3.9544024E+000 
-1.1140689E-001 +7.6493708E-001 +1.1142028E+000 +8.6431598E-001 +9.7155600E-001 +1.2219648E+000 +1.0494001E+000 +9.7879586E-001 +1.7199585E+000 +1.0083813E+000 +7.8621597E-001 -1.9570886E-001 -2.5379285E+000 -4.8961789E+000 -3.3685989E+000 -2.6164931E+000 -1.0755705E+000 -6.1927722E-001 -1.8973887E-001 +9.4627671E-001 +1.7440591E+000 +2.5504300E+000 +2.2326924E+000 +2.3347028E+000 +3.1087302E+000 +3.3678677E+000 +4.4883677E-002 -1.0543536E+000 -4.3424301E+000 -3.9540023E+000 
-2.4094452E-001 -4.4683166E-002 +1.4846268E-001 -1.1130704E-001 +5.4491363E-001 +6.6187966E-001 +1.9720637E+000 +2.4342736E+000 +2.2848610E+000 +2.0569193E+000 +1.6522791E+000 +1.8687816E+000 +1.6853368E+000 -5.1679357E-001 -4.9766091E+000 -7.2498738E+000 -3.5663576E+000 -2.3638214E+000 -5.6397992E-001 +6.6559704E-001 +9.8529769E-001 +2.1167985E+000 +3.0357164E+000 +2.7042262E+000 +2.2787849E+000 +2.5634162E+000 -7.1491776E-001 -5.6441036E-001 -9.6646843E-001 -1.1103151E+000 
-1.1534989E+000 -1.2268621E+000 -1.9070351E+000 +9.9914619E-003 -5.9247720E-001 +8.8348517E-002 +3.9954086E-001 +6.2060303E-001 +1.7775764E+000 +2.2909211E+000 +2.7319768E+000 +2.1314233E+000 +7.6775336E-001 +2.6456966E+000 -5.5726925E-001 -4.8648831E+000 -4.9300535E+000 -4.4237335E+000 -1.6691742E+000 -5.1772519E-001 +3.4624719E-001 +1.1970359E+000 +2.4384911E+000 +2.1798751E+000 +1.1100929E+000 +2.4415057E+000 +1.9563264E+000 +1.5597999E+000 +1.2481087E+000 +1.0863779E+000 
-1.7360797E+000 -1.8093967E+000 -1.9702146E+000 -1.5941965E+000 -1.2980836E+000 -6.5023668E-001 -5.3930128E-001 -1.9411119E+000 -2.5333683E-001 +1.5153078E+000 +2.3012097E+000 +3.2407465E+000 +4.1876631E+000 +3.7678223E+000 +5.7257620E+000 -5.0765976E+000 -6.6795781E+000 -2.2823299E+000 -2.6632254E+000 -1.6982830E+000 -8.9593231E-001 +2.3946141E-001 +1.0358853E+000 +9.2995450E-001 +3.5174033E+000 +5.8734017E+000 +4.2288278E+000 +3.3024373E+000 +2.7881937E+000 +2.5556371E+000 
-1.9888949E+000 -1.9983689E+000 -2.0025243E+000 -1.9617662E+000 -1.9313548E+000 -1.1753446E+000 -1.6654093E+000 -1.0649998E+000 -1.2176021E+000 +2.0219588E-001 +2.1747644E+000 +3.3998431E+000 +4.5972210E+000 +4.6346874E+000 +6.4745408E+000 +4.5274969E+000 -2.3570863E+000 -3.4316766E+000 -2.7245832E+000 -2.8668164E+000 -2.1632688E+000 -1.3911791E+000 -2.2117589E-001 +1.0490873E-001 +1.9857452E+000 +3.0608271E+000 +3.2710805E+000 +3.1913181E+000 +3.0613055E+000 +2.9789022E+000 
-2.1990982E+000 -2.2112627E+000 -2.2368468E+000 -2.2827978E+000 -2.3752582E+000 -2.4894770E+000 -2.3575381E+000 -2.7747491E+000 -1.2414410E+000 +1.5782767E+000 +1.4994760E+000 +2.2697575E+000 +3.4169115E+000 +5.8047092E+000 +2.9133275E+000 +1.6451819E+000 +2.9916829E+000 +6.7211978E-001 -2.1212323E+000 -1.1132309E+000 -2.3619987E+000 -2.2775096E+000 -1.1181121E+000 +9.6316288E-001 +5.0968269E+000 +4.1380831E+000 +3.6177668E+000 +3.3062153E+000 +3.1202798E+000 +3.0315332E+000 
-2.3545883E+000 -2.3637973E+000 -2.3795629E+000 -2.3946395E+000 -2.3912319E+000 -2.3247583E+000 -2.8232346E+000 -1.7166888E+000 -1.3941219E+000 -8.8998452E-001 +1.1480141E+000 +2.1034929E+000 +3.6807904E+000 +4.1017179E+000 +3.2559300E+000 +1.2671755E+000 +9.2157066E-001 +9.0031818E-001 +2.4983892E-001 -1.3058148E+000 -1.4266856E-001 -6.3695314E-001 -6.0693834E-001 +1.4992241E+000 +3.4847827E+000 +3.2433777E+000 +3.0254695E+000 +2.8561164E+000 +2.7421175E+000 +2.6849991E+000 
-2.4686581E+000 -2.4868419E+000 -2.5253777E+000 -2.5896195E+000 -2.6908644E+000 -2.8530220E+000 -3.1290798E+000 -2.2536945E+000 -2.0113080E+000 -7.3807319E-001 +9.7133313E-001 +8.4990195E-001 +2.4599970E+000 +2.5603176E+000 +2.5390072E+000 +7.0388008E-001 +4.7853820E-001 +5.9732114E-001 +4.3591163E-001 -6.1067774E-001 -1.2873600E+000 +1.2506119E-001 +3.2318704E-001 +2.1306538E+000 +2.3410754E+000 +2.2429888E+000 +2.2147801E+000 +2.1570455E+000 +2.1081180E+000 +2.0815576E+000 
-2.5009405E+000 -2.5183475E+000 -2.5555716E+000 -2.6181670E+000 -2.7165237E+000 -2.8689844E+000 -3.1070242E+000 -3.4827256E+000 -2.0832218E+000 -7.7574898E-001 -5.7727203E-001 +5.0533456E-001 +6.5155251E-001 +1.1290307E+000 -1.1544372E+000 -6.6195689E-001 +3.2585904E-001 +5.4690350E-001 +7.8702716E-002 -2.9455518E-001 -3.0954208E-001 +7.4157225E-001 +1.8174151E+000 +1.4793786E+000 +1.2523775E+000 +1.8393216E+000 +1.5368925E+000 +1.4183622E+000 +1.3735158E+000 +1.3586523E+000 
-2.4549296E+000 -2.4607195E+000 -2.4716507E+000 -2.4858673E+000 -2.4988336E+000 -2.5000285E+000 -2.4657937E+000 -2.3441090E+000 -2.0226508E+000 -1.5618471E+000 -1.6278105E+000 -4.2819839E-001 +3.4322688E-001 -1.0525298E+000 -1.9160871E+000 -1.3076298E+000 -8.2363295E-001 -3.3111866E-001 +5.7852026E-002 +3.6269601E-001 -5.9334924E-002 +1.1278155E+000 +2.5601713E-001 +1.0014460E+000 -3.6440778E-002 -6.0634364E-001 +3.1863654E-002 +3.4826336E-001 +5.0405603E-001 +5.6889392E-001 
-2.3828769E+000 -2.3799669E+000 -2.3729525E+000 -2.3591911E+000 -2.3340889E+000 -2.2904285E+000 -2.2178958E+000 -2.1040345E+000 -1.9401290E+000 -1.7412194E+000 -1.5366948E+000 -1.2309857E+000 -2.8540967E+000 -1.4592044E+000 -2.3402198E+000 -1.5321803E+000 -1.6426292E+000 -1.7061078E+000 -8.9669136E-001 -1.8205749E-001 -2.5750864E-001 -7.6771048E-001 -1.8580271E-001 -1.8070941E+000 -7.2911726E-001 +5.1026994E-002 -2.5737412E-002 +5.4357571E-004 +4.3693179E-002 +7.0763737E-002 
-2.3239128E+000 -2.3176752E+000 -2.3046010E+000 -2.2835235E+000 -2.2528158E+000 -2.2106902E+000 -2.1558864E+000 -2.0890487E+000 -2.0150486E+000 -1.9458475E+000 -1.9006870E+000 -1.9059767E+000 -2.0262803E+000 -1.9406733E+000 -1.9028054E+000 -2.5305371E+000 -2.2676990E+000 -2.4584710E+000 -9.1791502E-001 -1.2386573E+000 -7.9154645E-001 -5.1212519E-001 -1.1950529E+000 -1.3761385E+000 -1.0407152E+000 -7.3364047E-001 -5.4681655E-001 -4.2304794E-001 -3.4434927E-001 -3.0560836E-001 
-2.2930044E+000 -2.2861325E+000 -2.2722477E+000 -2.2511698E+000 -2.2228986E+000 -2.1879760E+000 -2.1480032E+000 -2.1062778E+000 -2.0683830E+000 -2.0423460E+000 -2.0377637E+000 -2.0636577E+000 -2.1246090E+000 -2.2074218E+000 -2.3495410E+000 -2.5909833E+000 -2.8458645E+000 -3.2292897E+000 -2.8716701E+000 +5.8516673E-001 +8.0454419E-001 +8.2021108E-002 -8.6346169E-001 -1.5130986E+000 -1.2248064E+000 -9.7744340E-001 -7.8428524E-001 -6.4392366E-001 -5.5266953E-001 -5.0773138E-001 
